1.9972572326660156
0.03015984408557415
0.23195844888687134
1.102736234664917
0.7900522351264954
0.5827150940895081
0.5213017463684082
0.6431593894958496
0.6870591640472412
0.5522268414497375
0.36218833923339844
0.6077298521995544
0.43813979625701904
0.32408297061920166
0.8841501474380493
0.5444937944412231
1.4281715154647827
0.8065640330314636
0.6721038222312927
0.41865795850753784
1.5637288093566895
0.4301103353500366
0.4135962724685669
0.42889639735221863
1.5388696193695068
0.693101167678833
0.38818812370300293
1.8952423334121704
0.5538850426673889
0.3572414517402649
0.6062221527099609
0.9677137136459351
0.40645477175712585
0.8092749714851379
1.9217791557312012
0.4744355082511902
0.14879372715950012
0.4957756996154785
0.7793901562690735
0.5481903553009033
0.5873590707778931
1.1636277437210083
0.6838943958282471
0.380898118019104
0.3094826340675354
1.2823173999786377
0.3362117409706116
0.6286200284957886
0.3639858365058899
1.0515871047973633
0.3396289646625519
0.42868614196777344
1.5928047895431519
1.8687682151794434
0.9517043828964233
0.39990413188934326
1.162928581237793
0.5755545496940613
0.6187896132469177
0.5551813244819641
1.5252007246017456
0.2690361440181732
0.4624505043029785
1.0351675748825073
0.4923863410949707
1.060640811920166
0.6942979693412781
0.8917639255523682
0.6612156629562378
0.5293658375740051
1.3242671489715576
0.6864685416221619
0.4807714819908142
0.49470821022987366
0.4424397349357605
0.4424756169319153
0.7155743837356567
0.5174474120140076
1.057189702987671
0.9464638829231262
0.4736812710762024
0.4833449423313141
1.3627021312713623
0.6856163144111633
0.5990308523178101
0.43021345138549805
0.5764003396034241
0.623456597328186
0.4238983392715454
0.4983282685279846
0.5550625920295715
0.47206151485443115
0.4117352366447449
0.5712460875511169
1.195128321647644
0.47917428612709045
0.5313059091567993
0.6166276335716248
1.0265494585037231
0.6329609155654907
1.0326039791107178
0.5539714097976685
0.6417884826660156
0.7372477054595947
0.5350430011749268
0.4532669484615326
0.30463188886642456
0.4762120246887207
0.7895424365997314
0.5657780170440674
0.5645304918289185
0.6192954778671265
0.8539987206459045
0.32986339926719666
0.4895808696746826
0.7571793794631958
0.6809566020965576
1.287999153137207
0.5513119101524353
0.5723273754119873
2.3353261947631836
0.47468462586402893
0.5470514297485352
2.9890620708465576
0.8980025053024292
0.9309573173522949
0.47204694151878357
0.3429458737373352
1.5217074155807495
0.5293971300125122
0.4803624749183655
0.43485426902770996
0.7748434543609619
0.7190395593643188
0.5100950002670288
0.5313903093338013
0.9912642240524292
0.7423576712608337
0.4284745454788208
0.4163461923599243
0.7516943216323853
0.869202733039856
0.9141218662261963
0.6131587028503418
0.3026649057865143
0.6682735681533813
1.0958865880966187
0.48541271686553955
0.4719202518463135
0.5706745982170105
0.429745614528656
0.4601498544216156
0.46238911151885986
0.6352961659431458
0.8260974884033203
0.36864134669303894
0.3742099404335022
0.3590739667415619
0.7426571249961853
0.7702528238296509
0.5532950162887573
0.42565715312957764
0.391105979681015
0.5610207319259644
0.5271104574203491
0.4682347774505615
0.5671643614768982
0.3579004108905792
0.622323215007782
0.8064224720001221
0.5158123970031738
0.9570637345314026
0.4883233904838562
0.5695178508758545
0.41621434688568115
1.2029081583023071
0.7293450832366943
0.6460747718811035
0.3744230568408966
0.405078649520874
0.36798256635665894
0.4258538484573364
0.5732935070991516
0.6293919682502747
0.5655699968338013
0.6841914653778076
0.4344336986541748
0.32745516300201416
0.6214455366134644
0.40289342403411865
0.5076346397399902
0.9354078769683838
0.9351266622543335
0.537110447883606
0.5024523735046387
0.4764670133590698
0.5604243278503418
0.4698708653450012
0.425275981426239
1.7496839761734009
0.5481833815574646
0.3750392198562622
1.0431528091430664
0.35920006036758423
0.3254397511482239
0.4751094877719879
0.437502384185791
0.38334280252456665
2.2419915199279785
0.4155898690223694
0.6905463337898254
0.6235267519950867
0.47733986377716064
0.3523947298526764
1.473448395729065
0.49726149439811707
0.5311993956565857
0.275469571352005
0.5148131847381592
0.5114425420761108
0.7984097003936768
0.6429609060287476
0.7640949487686157
0.3797639310359955
0.7502536773681641
0.6624129414558411
0.30928903818130493
0.4659746289253235
0.5551137328147888
0.33443576097488403
0.3847182095050812
0.5076746940612793
0.3102723956108093
0.6414722800254822
0.5256451964378357
0.5805517435073853
0.36971956491470337
3.337456464767456
1.0587843656539917
0.32733771204948425
0.543868899345398
0.5874363780021667
0.7436494827270508
0.3161211311817169
0.6002559065818787
1.0010875463485718
0.5577813982963562
1.052127480506897
0.6482933759689331
0.4118402302265167
0.6796372532844543
0.5350692272186279
0.275747686624527
0.546992301940918
0.4119057357311249
0.5394409894943237
0.4477054178714752
0.30723220109939575
1.4849517345428467
0.34627869725227356
3.2020838260650635
0.4076906442642212
0.46814894676208496
1.4125701189041138
0.4812382757663727
0.2825700640678406
0.8292887210845947
0.5719960927963257
1.0585068464279175
0.5767184495925903
0.3442001938819885
0.33456873893737793
0.5750381946563721
0.38072848320007324
0.3135172128677368
0.5768288373947144
0.7285821437835693
0.8610524535179138
0.4259655475616455
0.400425523519516
0.6961647868156433
0.5060992240905762
0.3204366862773895
0.2956228256225586
0.4535416066646576
2.910050392150879
0.6312695145606995
0.27006763219833374
0.4332045018672943
0.41811639070510864
0.37035179138183594
0.7001725435256958
0.30693450570106506
0.384696364402771
0.6333404779434204
0.3985908627510071
0.5431777238845825
0.396016389131546
0.42717838287353516
1.7258069515228271
0.39646482467651367
0.42288273572921753
0.19893264770507812
0.24335959553718567
2.5335307121276855
0.5391910672187805
0.309624582529068
0.27582576870918274
0.36505261063575745
0.883166491985321
0.16843333840370178
0.4162757992744446
0.4121175706386566
0.9579160213470459
0.39895495772361755
0.3806946277618408
1.3247681856155396
0.4931817352771759
0.17657461762428284
0.7782449722290039
0.45143619179725647
0.38324713706970215
0.2002236545085907
0.2159494310617447
0.6072027683258057
0.4749484360218048
3.034424304962158
0.3919329047203064
0.40896499156951904
0.30303388833999634
1.0065311193466187
0.7061020731925964
0.7110074758529663
0.4570980668067932
0.3775731325149536
0.5100278258323669
0.45843052864074707
0.5974774956703186
0.3466489911079407
0.5643555521965027
0.3547520935535431
0.5040285587310791
0.3715628385543823
0.26992976665496826
0.2750796675682068
0.19590234756469727
0.19292408227920532
0.33005985617637634
0.5104528665542603
0.32332831621170044
0.3290899991989136
0.18545211851596832
1.0783472061157227
0.30206531286239624
0.3515445590019226
0.4015064537525177
0.3928443193435669
0.3780382573604584
0.4020610451698303
0.21882830560207367
0.5863462090492249
0.311646431684494
0.2528384327888489
0.11268496513366699
0.3975673317909241
0.17984268069267273
0.19100123643875122
0.17113888263702393
0.49409031867980957
0.3163829445838928
0.6988376975059509
0.19687941670417786
0.48475369811058044
0.30624616146087646
0.2016807347536087
0.1661320924758911
0.33391785621643066
0.27312901616096497
0.2562806308269501
0.339917927980423
1.1326940059661865
0.2835630774497986
0.27246618270874023
0.24994704127311707
0.33856201171875
0.12647274136543274
0.2466893494129181
0.3608444631099701
0.25822922587394714
0.1584809422492981
0.3379867970943451
0.20686368644237518
0.30156031250953674
0.4007204473018646
0.21176859736442566
0.12322138249874115
0.21723102033138275
0.7621707320213318
0.1665838360786438
0.32943102717399597
0.2129705846309662
0.804465115070343
0.8675848841667175
0.34435907006263733
0.16459843516349792
0.9113861322402954
0.2687161862850189
0.25636228919029236
0.1099962443113327
3.275200843811035
0.4609942138195038
0.1387334167957306
0.300618439912796
0.2319452464580536
0.5460904836654663
0.3807620704174042
0.23948554694652557
0.8099856972694397
0.17086833715438843
0.20242705941200256
0.26787498593330383
0.10015647113323212
0.23842930793762207
0.21969857811927795
0.5665216445922852
0.2981409430503845
0.2928115725517273
0.30539265275001526
0.19746893644332886
0.2108622044324875
0.4010133445262909
1.4904212951660156
0.11925849318504333
0.4739205837249756
0.4783613681793213
0.36574727296829224
0.3115711808204651
0.37322866916656494
0.1568930447101593
0.11991448700428009
0.49917614459991455
0.16920378804206848
0.14557762444019318
0.26398906111717224
4.698812007904053
0.2615997791290283
0.5168500542640686
0.2966838777065277
0.23911771178245544
0.4243919849395752
0.13396388292312622
0.10349448025226593
0.7275370955467224
0.2203943133354187
0.23043297231197357
0.10634276270866394
0.1345493197441101
0.10784811526536942
0.41690492630004883
0.10479902476072311
0.25015532970428467
0.25245165824890137
0.21932676434516907
2.5367870330810547
0.26026439666748047
0.5796943306922913
0.22782380878925323
0.1108461320400238
0.14523306488990784
0.14243589341640472
0.09179146587848663
0.18788987398147583
0.43189987540245056
0.467266708612442
0.3010505735874176
0.233751118183136
0.5729999542236328
2.463864803314209
0.17702221870422363
0.209512859582901
0.2573063373565674
0.9749544858932495
0.21695983409881592
0.1776670515537262
0.13222721219062805
0.20181122422218323
0.42055222392082214
0.21054495871067047
0.13857433199882507
2.830052375793457
1.6049168109893799
0.7415107488632202
0.23756283521652222
0.3065813183784485
0.13702087104320526
1.1281459331512451
0.12120550870895386
0.44617199897766113
0.3969168961048126
0.1337657868862152
0.19802580773830414
0.265825480222702
0.16575415432453156
0.6353280544281006
0.7771155834197998
0.23058108985424042
0.3587714433670044
0.25798678398132324
0.5376288294792175
0.15592288970947266
0.6915037631988525
0.15187466144561768
0.15715505182743073
0.21257884800434113
0.0962696224451065
0.09424152225255966
0.37075531482696533
0.18947315216064453
0.8359434604644775
0.9600006937980652
0.4198913276195526
0.8073176741600037
0.11155028641223907
0.13425195217132568
0.8499171733856201
0.0644683986902237
0.0803668349981308
0.07051029801368713
0.9051781892776489
0.28303349018096924
0.2223321944475174
0.18331149220466614
0.16017885506153107
0.7888376712799072
0.1755455732345581
0.223807692527771
0.06886504590511322
0.15493416786193848
0.4441206753253937
0.29907602071762085
0.2626597583293915
0.13722383975982666
0.21689528226852417
0.21787157654762268
1.583984375
0.09070879220962524
2.036710023880005
0.6595165133476257
0.12372444570064545
0.1011071652173996
0.14947208762168884
0.04772510752081871
0.1221134215593338
0.09167346358299255
0.6467543244361877
0.14688698947429657
0.1330493688583374
0.09562856703996658
0.13921907544136047
0.18340209126472473
0.5489229559898376
1.293079137802124
0.449422687292099
0.8566295504570007
0.19308781623840332
0.13532084226608276
0.31638771295547485
0.09417547285556793
0.14466139674186707
0.07671438157558441
0.3519816994667053
0.10734327137470245
0.304732084274292
2.9421346187591553
1.1952407360076904
0.15027320384979248
0.3360897898674011
0.07658776640892029
0.255996972322464
0.0918864831328392
0.10872052609920502
0.036014895886182785
0.23358866572380066
0.05330546572804451
0.18751350045204163
0.17584799230098724
0.16541101038455963
0.05995688959956169
0.07378897070884705
0.07232353091239929
1.3464386463165283
0.899898886680603
0.7129437327384949
0.38876938819885254
0.14013367891311646
0.1368982195854187
0.3364437222480774
0.15160131454467773
0.24932390451431274
0.1275578737258911
0.12081632018089294
0.2879498302936554
0.20180106163024902
0.26523274183273315
0.11094468086957932
0.06231996417045593
0.23809055984020233
0.037270501255989075
0.10565853118896484
0.04727796092629433
1.4043738842010498
0.4104878604412079
0.07670549303293228
0.36382150650024414
0.1439228057861328
0.08993910253047943
0.12410759180784225
0.06760286539793015
0.11445434391498566
0.117423877120018
0.7082318067550659
0.1417974829673767
0.21270719170570374
0.05972342565655708
0.2157854437828064
0.09474597871303558
0.06774409115314484
0.15292870998382568
0.15520747005939484
2.106900215148926
0.09352817386388779
0.08498017489910126
0.11564744263887405
0.0978170707821846
1.0974432229995728
0.050819624215364456
0.25212860107421875
0.2723405659198761
0.11566874384880066
2.2051563262939453
0.351412296295166
0.09750115871429443
0.11763709783554077
0.15471580624580383
0.04744851589202881
0.059039004147052765
0.04240383207798004
0.06552624702453613
0.3407653868198395
0.13818763196468353
1.4790611267089844
0.2009609043598175
0.16465657949447632
0.19535110890865326
0.03653954714536667
0.8989710807800293
0.13608622550964355
0.27429521083831787
0.664932131767273
0.24055057764053345
0.12302250415086746
0.09846729785203934
0.040271855890750885
0.09806598722934723
0.36907175183296204
1.06857430934906
0.153085395693779
0.1028071939945221
1.0356464385986328
0.533650815486908
0.8124676942825317
0.0792151466012001
0.11638222634792328
0.153218612074852
0.4887934625148773
0.1790337860584259
0.5365079045295715
0.03891261667013168
0.08741298317909241
0.08136684447526932
0.06571689248085022
0.16780555248260498
0.5870523452758789
0.4563416838645935
0.06514325737953186
0.08685514330863953
0.023880239576101303
0.15069036185741425
1.5335835218429565
0.11568991839885712
3.2315874099731445
0.22074554860591888
0.05595967546105385
0.11650184541940689
0.08795436471700668
0.13120722770690918
1.832800269126892
0.21873506903648376
0.14328865706920624
0.0491693951189518
0.08676429092884064
1.5037956237792969
0.19887292385101318
0.033556245267391205
0.045814793556928635
0.08726491779088974
0.07810847461223602
0.061096660792827606
0.7269158363342285
0.4828677773475647
0.14969639480113983
0.18169432878494263
0.13614831864833832
0.08688369393348694
0.48472338914871216
0.18064887821674347
0.11348283290863037
0.0762665644288063
0.06659550964832306
0.07698514312505722
0.1555774211883545
0.23119519650936127
0.6174511909484863
1.0652879476547241
0.2778942883014679
0.14237946271896362
0.8177022337913513
0.3063708543777466
0.039638012647628784
0.03990327566862106
0.06180213391780853
0.07216992229223251
1.6900399923324585
0.10291756689548492
0.06263895332813263
0.056774258613586426
0.04025974124670029
0.2973252236843109
0.11729516088962555
1.4126955270767212
0.11501669883728027
0.2230333685874939
0.2787969708442688
0.07648356258869171
0.3629787266254425
0.04562155529856682
0.1033070832490921
0.02785193920135498
0.058418601751327515
0.24208016693592072
0.08284911513328552
0.1565069705247879
0.0483376644551754
0.1317949891090393
0.1968122124671936
0.0546911358833313
0.16303694248199463
0.5087840557098389
1.8928468227386475
0.06529136002063751
0.11151325702667236
0.14838632941246033
1.4416735172271729
0.08879571408033371
0.06561083346605301
0.28004390001296997
0.4351435601711273
0.16745588183403015
2.039745569229126
0.1532585173845291
0.11145202070474625
0.25578969717025757
0.16723379492759705
0.05525378882884979
0.04185444116592407
0.07672840356826782
0.06693542748689651
0.0740867555141449
0.0433679036796093
0.6668193340301514
0.18343721330165863
0.2588275372982025
0.12199567258358002
0.11508318781852722
2.0843520164489746
0.09486135095357895
0.14822357892990112
0.12878353893756866
0.047742366790771484
0.06500823050737381
0.5100773572921753
0.0488852895796299
0.13146108388900757
0.44423261284828186
0.4565736949443817
0.12120012938976288
0.12590837478637695
0.04949715733528137
0.06933953613042831
0.07803492993116379
0.040642086416482925
0.14674580097198486
0.06752188503742218
0.06527121365070343
0.03787288814783096
0.05636506527662277
0.555317759513855
0.1576235294342041
0.10578283667564392
0.20424151420593262
0.40172022581100464
0.22699524462223053
1.1692644357681274
0.3128816783428192
0.2864399254322052
0.18248476088047028
0.08187051117420197
0.059201572090387344
0.041295796632766724
0.07377402484416962
0.10995078086853027
0.07746578752994537
0.293383926153183
0.09198641777038574
0.10017521679401398
0.025840342044830322
0.029730137437582016
0.02827790565788746
0.25455841422080994
0.09927932173013687
0.06790109723806381
0.028072431683540344
0.1457802653312683
0.08330976217985153
0.41892558336257935
0.14358942210674286
0.16151660680770874
0.08363057672977448
0.03898901864886284
0.047091320157051086
1.0153573751449585
0.07354702800512314
0.14485344290733337
0.14888960123062134
0.12501628696918488
0.6646276116371155
0.10626371204853058
0.09961489588022232
4.245707988739014
0.08685000240802765
1.081408143043518
0.3579474687576294
0.48613134026527405
0.13160039484500885
0.033173851668834686
0.06784626096487045
0.10131729394197464
1.021666169166565
0.15008337795734406
0.10190294682979584
0.1098107248544693
0.05225007236003876
1.0958333015441895
0.42922472953796387
0.37389835715293884
0.11917821317911148
0.09441985189914703
0.0476667657494545
0.1162794753909111
0.051388368010520935
0.04190811887383461
0.05890115350484848
0.340995192527771
0.10424020886421204
0.03678097575902939
0.06839261949062347
0.017014747485518456
0.11867006123065948
0.13369911909103394
0.016295019537210464
0.3955163359642029
0.05545594170689583
0.2570609748363495
0.11782624572515488
0.5925558805465698
0.17849358916282654
0.15856046974658966
0.07834331691265106
0.04133346676826477
0.08385714143514633
0.05275457352399826
0.07200916111469269
0.05946176499128342
0.07519080489873886
0.08282768726348877
0.04208090156316757
3.419656991958618
0.1422186642885208
0.05490286275744438
0.3314785361289978
0.19991818070411682
0.4744977355003357
0.46243029832839966
0.05095784366130829
2.327108860015869
0.032657284289598465
0.041264358907938004
0.06335963308811188
0.04145236313343048
0.031179187819361687
0.022899866104125977
0.018369685858488083
0.04799411818385124
0.02397100254893303
0.4403095245361328
0.1621313840150833
0.24010539054870605
0.5483729243278503
0.22027182579040527
0.07508969306945801
0.1848873347043991
0.3983036279678345
0.09362462162971497
1.2018301486968994
0.2827762961387634
0.2885957956314087
0.07581643015146255
0.7433248162269592
0.051289334893226624
0.0448249988257885
0.04543377831578255
0.09083040803670883
0.1561238318681717
0.05620009824633598
0.09299644827842712
0.061876073479652405
0.05634845048189163
0.05346359312534332
0.05178556591272354
0.11808359622955322
0.02273537591099739
0.04530778527259827
0.023221448063850403
0.025060191750526428
0.08684239536523819
0.019535508006811142
0.04822813719511032
0.008713865652680397
0.8995245695114136
0.37291282415390015
0.35032492876052856
0.13084588944911957
0.23995405435562134
0.66897052526474
0.16065600514411926
0.13400554656982422
0.2710232138633728
5.519009590148926
0.299362450838089
0.17551076412200928
0.06727568060159683
0.03118426725268364
0.03525705263018608
0.31200075149536133
0.054086241871118546
0.0439973920583725
0.05268337205052376
0.06282420456409454
0.0925154760479927
0.036808062344789505
0.3060356378555298
0.04974475875496864
0.03728286176919937
0.03358495607972145
0.3289065361022949
0.27385562658309937
0.1623205840587616
0.05979005992412567
0.05124695971608162
0.057413361966609955
0.2026216834783554
0.035246990621089935
0.46790191531181335
0.5285815000534058
0.10688162595033646
0.15999935567378998
0.1615854799747467
0.03616318479180336
0.08715306222438812
0.037047889083623886
0.09989075362682343
0.044579073786735535
0.09139934927225113
0.09868336468935013
0.05565008148550987
0.04863316938281059
0.470284104347229
0.0699806734919548
0.3435565233230591
0.06226612254977226
0.09182924032211304
0.1992570161819458
0.05286481976509094
0.09067930281162262
0.028731657192111015
0.2182367444038391
0.04312005266547203
0.040490321815013885
0.04292065277695656
0.02763732522726059
0.010786138474941254
0.05563736706972122
1.2474570274353027
0.0341692753136158
0.06101576238870621
0.11500028520822525
0.3861020803451538
0.24278467893600464
0.06255225837230682
0.07259083539247513
0.06689982116222382
0.048940639942884445
0.28761136531829834
1.5252742767333984
0.2288370579481125
0.985948920249939
0.1293356567621231
0.0504128634929657
0.036406852304935455
0.027009807527065277
2.0408623218536377
0.0803140252828598
0.12341763824224472
0.8074628114700317
0.0718049556016922
0.07224918156862259
0.4510214328765869
0.3714422583580017
0.14037653803825378
0.07761789858341217
0.08044442534446716
0.025908153504133224
0.1444699615240097
0.15957151353359222
0.7931915521621704
0.0702071413397789
0.04027697816491127
0.03764338418841362
0.022437158972024918
0.014833050779998302
0.0178874172270298
0.034825559705495834
0.5182628631591797
0.03972948342561722
0.0676194503903389
0.021634526550769806
0.4103434085845947
0.3016928732395172
0.2601217031478882
0.3133053779602051
0.21351811289787292
0.25053107738494873
0.379366934299469
0.06697668880224228
0.04781818017363548
0.038198526948690414
0.11881250143051147
0.4769156873226166
0.024053459987044334
0.022471565753221512
0.10152754932641983
1.708458423614502
0.07837358117103577
0.0344054214656353
0.030472099781036377
0.11547166109085083
0.19031868875026703
0.055147066712379456
0.4947110116481781
0.17620515823364258
0.5420159101486206
1.2771999835968018
0.10078239440917969
0.09694959223270416
0.08096478879451752
0.06975492835044861
0.06374699622392654
0.034753140062093735
0.020654916763305664
0.41450029611587524
0.1865796595811844
0.11400185525417328
0.5602986216545105
0.4085496664047241
0.48682159185409546
0.6300876140594482
0.09117953479290009
0.14804302155971527
0.13365793228149414
0.042259082198143005
0.03015003353357315
0.049002137035131454
0.04143574833869934
0.32368215918540955
0.046414874494075775
0.03892718255519867
1.169260859489441
0.26224613189697266
0.7338854074478149
0.18956825137138367
0.7305527329444885
1.198531985282898
0.0798768401145935
0.08925727754831314
0.151371568441391
0.04902481660246849
0.08985765278339386
0.09671641141176224
0.09904129803180695
0.022604936733841896
0.025233633816242218
0.22843784093856812
0.040161605924367905
0.14152686297893524
0.13201802968978882
0.10523215681314468
0.07491856813430786
0.0403137169778347
0.2221132516860962
0.36792048811912537
0.10164812207221985
0.2975480854511261
0.03702826797962189
0.026291903108358383
0.1891711801290512
0.07152563333511353
0.02219550684094429
6.549154281616211
0.5096038579940796
0.20653997361660004
0.22581705451011658
0.2693201005458832
0.05683106184005737
1.1257715225219727
0.22428153455257416
0.03866873309016228
0.04084924980998039
0.026803860440850258
0.15698592364788055
0.05209670960903168
0.03850562870502472
0.1327616274356842
0.10843256860971451
0.08992527425289154
0.08854961395263672
0.33098116517066956
0.03157002851366997
0.031238511204719543
0.03745752573013306
0.4502495527267456
0.20868372917175293
0.12374486029148102
0.08588124066591263
0.020045749843120575
0.025343989953398705
0.04385903477668762
0.021404370665550232
0.05278710275888443
0.528852641582489
0.3192761242389679
0.054059457033872604
0.48308685421943665
0.08182121813297272
0.3622916340827942
0.23794373869895935
0.7001537084579468
0.05082257091999054
0.06702446937561035
0.06725336611270905
0.051407068967819214
0.022648658603429794
0.10129459202289581
0.04289247840642929
0.05228457972407341
0.530917227268219
0.26453498005867004
0.03291676938533783
0.13461323082447052
0.10800658166408539
0.020537741482257843
0.15088920295238495
0.03863238915801048
0.3380814492702484
0.025034455582499504
0.02023009955883026
0.9354280829429626
0.11306610703468323
0.5950220227241516
0.049768880009651184
0.09377335011959076
0.18184074759483337
0.035483185201883316
0.06500907242298126
0.013606096617877483
0.06767428666353226
0.03719539940357208
0.02713545598089695
0.3224935531616211
0.056029222905635834
0.05115815997123718
0.02685362659394741
0.024232538416981697
0.108697809278965
0.02118426375091076
0.6416670680046082
0.6056950092315674
1.3651554584503174
0.7398379445075989
0.13041162490844727
0.7027043700218201
0.20817939937114716
0.029099177569150925
0.05365220829844475
0.04985644668340683
0.036149751394987106
0.053039759397506714
0.046312592923641205
0.01511972676962614
0.07511943578720093
0.02602723427116871
0.012431448325514793
0.030261972919106483
0.4363202750682831
0.2919844090938568
0.08027863502502441
0.049040213227272034
0.024131689220666885
0.2888775169849396
0.048717472702264786
0.19605517387390137
0.08545147627592087
0.19483911991119385
0.04015995189547539
0.05080290511250496
0.03332667797803879
0.16013316810131073
0.02586418390274048
0.050670165568590164
0.1615423560142517
0.03564106673002243
0.08873888105154037
0.04526285082101822
0.058658041059970856
0.03024420700967312
0.03065033257007599
0.06784247606992722
0.025458822026848793
0.03526482358574867
0.023918837308883667
0.022628244012594223
0.492539644241333
0.1500602811574936
0.06080997362732887
0.3060625493526459
0.1841697096824646
1.3667932748794556
0.12836137413978577
0.3032959997653961
0.023578882217407227
0.4323579967021942
0.26923099160194397
0.14100326597690582
0.1106027215719223
0.23040930926799774
0.019155699759721756
0.047373488545417786
0.05131339281797409
0.07281812280416489
0.33222824335098267
0.06504619121551514
0.04633079841732979
0.014030266553163528
0.04174443706870079
0.03811412304639816
0.12638124823570251
0.10350970178842545
0.28590893745422363
0.15885648131370544
0.9009680151939392
0.030587421730160713
0.04594489187002182
0.07158780097961426
0.04472556710243225
0.043778110295534134
0.03064388409256935
0.09413667023181915
0.02351468987762928
0.025294020771980286
0.04509427398443222
0.3661751449108124
0.13865365087985992
0.0450369268655777
0.005123901646584272
0.015745054930448532
0.03455140069127083
0.027037983760237694
0.3033231496810913
0.07328129559755325
0.026511341333389282
0.4385121464729309
0.2750263512134552
0.2990012764930725
0.21344095468521118
0.2884087562561035
0.10913483053445816
0.03946805000305176
0.1710505485534668
0.10170837491750717
0.08927445113658905
0.062274087220430374
0.047172851860523224
0.34151387214660645
0.033434268087148666
0.0467953123152256
0.7759478092193604
0.18682622909545898
0.16449089348316193
0.05578119307756424
0.04885866120457649
0.36061185598373413
0.02982097491621971
0.015452533960342407
0.18314316868782043
0.055529143661260605
0.045513153076171875
0.04960067197680473
2.033128261566162
0.14612063765525818
0.1103428453207016
0.46141350269317627
0.3422742187976837
0.33598586916923523
0.04723775386810303
0.13278445601463318
0.08136273920536041
0.04346757382154465
0.06247462332248688
0.2867509424686432
0.1002214252948761
0.04431718960404396
2.830575704574585
0.17354509234428406
0.13428932428359985
0.9132574200630188
0.35372504591941833
0.159339040517807
0.5375575423240662
0.015334013849496841
0.04602167755365372
0.10347803682088852
0.014920349232852459
0.06523348391056061
0.10516534745693207
0.10449683666229248
0.0667479857802391
0.02369748428463936
0.03671066462993622
0.033798836171627045
0.03111363761126995
0.023043589666485786
0.019233833998441696
0.036600254476070404
0.16060349345207214
0.1721789538860321
0.11962222307920456
0.08913586288690567
0.05548403412103653
0.01634553261101246
0.016339117661118507
0.010456416755914688
0.17634253203868866
0.059057414531707764
3.9286086559295654
0.39382728934288025
1.495216727256775
0.05966435745358467
0.3459927439689636
0.43333929777145386
0.14073631167411804
0.14928831160068512
0.04168819636106491
0.0269608311355114
0.02550346404314041
0.027763662859797478
0.011139221489429474
0.07830449938774109
0.16377317905426025
0.039531879127025604
0.015937885269522667
0.11763378232717514
0.6854069232940674
0.07178205251693726
0.055323824286460876
0.07552218437194824
0.049631617963314056
0.053346868604421616
0.03807239606976509
0.11606640368700027
0.3422926962375641
1.2857184410095215
0.06436429172754288
0.018160153180360794
0.014187325723469257
0.011701520532369614
0.007808315567672253
0.584043025970459
0.2870141863822937
0.06645626574754715
0.05358752980828285
1.0451290607452393
1.1455087661743164
0.25813379883766174
0.6784754991531372
0.048363689333200455
0.12671133875846863
0.18891876935958862
0.09630276262760162
0.057096466422080994
0.04963666945695877
0.3069472908973694
0.06951920688152313
0.038644641637802124
0.3044900596141815
0.1501641422510147
1.308222770690918
0.19556459784507751
0.536825954914093
0.10327538847923279
0.025919869542121887
0.01811024732887745
0.03328973054885864
0.021991895511746407
0.045697171241045
0.06860388815402985
0.3901558518409729
0.04636622220277786
0.042562440037727356
0.024072950705885887
0.44032663106918335
0.03924091160297394
0.03541466221213341
0.8025211095809937
0.11845285445451736
0.20256367325782776
0.15452177822589874
1.1383880376815796
0.12721332907676697
0.019988298416137695
0.11687568575143814
0.08715564757585526
0.3652605414390564
0.03295515105128288
0.038115888833999634
0.025158166885375977
0.02438732236623764
0.01550641655921936
0.01848873496055603
7.042038917541504
0.08962803333997726
0.09107851982116699
0.035501815378665924
0.017258545383810997
0.05205509066581726
0.02755473367869854
0.472374826669693
0.41509443521499634
0.030164409428834915
0.21683745086193085
0.6085051894187927
0.07484161853790283
0.053832653909921646
0.1028321385383606
0.1292746663093567
0.08083608001470566
0.1673496514558792
0.019495446234941483
0.07129451632499695
0.05761239677667618
0.05970904976129532
0.02676679566502571
0.012958373874425888
0.4181390106678009
0.10626089572906494
0.07793310284614563
0.02489864081144333
0.015641897916793823
0.23296010494232178
0.1401352882385254
0.3904920816421509
0.7151802778244019
0.06916813552379608
0.26764968037605286
0.025608116760849953
0.35575562715530396
0.09060582518577576
0.06998364627361298
0.3258381485939026
0.10725810378789902
0.35035252571105957
0.015372042544186115
0.04546738788485527
0.02101457491517067
0.06359359622001648
0.03278309851884842
0.02999982051551342
0.03593754023313522
0.008607379160821438
0.06877733021974564
0.019037911668419838
0.025869611650705338
0.014137686230242252
0.48433518409729004
0.1927686482667923
0.03590555489063263
0.06311919540166855
0.34285780787467957
0.03968280926346779
0.027514412999153137
0.01699293591082096
0.32168489694595337
0.03495388478040695
0.06393662095069885
0.44447869062423706
0.07440486550331116
1.5633288621902466
0.11195468157529831
0.059752121567726135
0.028926320374011993
0.032266855239868164
0.028898434713482857
0.9967334270477295
0.05831892788410187
0.10090193152427673
0.006410782225430012
0.01934502087533474
0.03852778300642967
0.6306662559509277
0.04032858461141586
0.04516817629337311
0.019923577085137367
0.4804856479167938
0.13218632340431213
0.21233081817626953
0.051278918981552124
0.2328757643699646
0.01574987731873989
0.051060762256383896
0.03606434166431427
0.7657759189605713
0.19120192527770996
0.0899704098701477
0.03699726238846779
0.052209511399269104
0.041128188371658325
0.03244425728917122
0.03341566026210785
0.021307488903403282
0.06910941749811172
0.24212034046649933
0.056962139904499054
0.03166878968477249
0.06522427499294281
0.018061000853776932
0.4565887451171875
0.14581738412380219
0.22790177166461945
0.016423853114247322
0.22622579336166382
0.02742578089237213
0.05418167635798454
0.435455322265625
0.15159371495246887
0.014066120609641075
0.050354670733213425
0.20595331490039825
0.34752538800239563
0.4957579970359802
0.13613969087600708
0.05621956288814545
0.01629554107785225
0.06682955473661423
0.03607397526502609
0.014158139005303383
0.026468442752957344
0.026780057698488235
0.129231259226799
0.0922016054391861
0.029405320063233376
0.35952112078666687
0.10929907113313675
0.02050144039094448
0.045081958174705505
0.14396518468856812
0.48850342631340027
0.44233301281929016
0.34317561984062195
0.028658520430326462
0.030482066795229912
0.16889552772045135
0.06935350596904755
0.02224290557205677
0.017961343750357628
0.05763408541679382
0.044976022094488144
0.022430578246712685
0.018592240288853645
0.013514979742467403
0.23584800958633423
0.08113431930541992
0.21007844805717468
0.4217529296875
0.15284182131290436
0.025558974593877792
0.026340043172240257
0.010814746841788292
0.03085358627140522
0.3841334879398346
0.11355900764465332
0.18481408059597015
0.1270131766796112
0.052996400743722916
0.04869921877980232
0.0317569263279438
0.037384726107120514
0.04725734144449234
0.4801204204559326
0.0726197138428688
0.04172660410404205
0.6710405349731445
0.10876166820526123
0.038696564733982086
0.01597876474261284
0.23173856735229492
0.23618754744529724
0.378283828496933
0.689017653465271
0.04650849476456642
0.05847342684864998
0.020961595699191093
0.044270895421504974
0.01511421985924244
0.04114732891321182
0.033831220120191574
0.01004529744386673
0.02398928627371788
0.014534836634993553
0.02232557162642479
0.016707822680473328
1.5136913061141968
0.2276434302330017
0.03647959232330322
0.018839076161384583
0.32903921604156494
0.2431601881980896
0.08318858593702316
0.16014613211154938
0.08683419227600098
0.052104219794273376
0.34576255083084106
0.21934044361114502
1.025986909866333
0.1704190969467163
0.038239918649196625
0.11387565732002258
0.06170624494552612
0.4158220887184143
0.10211993753910065
0.09545854479074478
0.0699876919388771
0.022590767592191696
0.1908937692642212
0.07347209006547928
0.01776285097002983
0.3435707688331604
0.20961154997348785
0.039381422102451324
0.07509910315275192
0.0494859479367733
0.035215891897678375
0.04840505123138428
0.3431226909160614
0.09837000072002411
0.058353617787361145
0.5823284387588501
0.14841848611831665
0.006673119962215424
0.28818774223327637
0.15193402767181396
0.3107965886592865
0.13287681341171265
0.06043350696563721
0.3289053440093994
0.07307333499193192
0.056890323758125305
0.037242062389850616
0.02557896077632904
0.06739187240600586
0.033324070274829865
0.009332224726676941
0.18351629376411438
0.1568090319633484
0.2196153700351715
0.594109296798706
0.19382628798484802
0.0384589247405529
0.06242445856332779
0.048182517290115356
0.0083302678540349
0.009397994726896286
0.42884793877601624
0.0313602089881897
0.03595294803380966
0.010513047687709332
4.962815761566162
0.481153666973114
0.019389981403946877
0.08728227019309998
0.07940156012773514
0.4030143618583679
0.051106177270412445
0.06190594658255577
0.10241073369979858
0.07394763827323914
0.02035796456038952
0.013404691591858864
0.0200452022254467
0.11602922528982162
0.010003135539591312
0.012872311286628246
0.017351094633340836
0.030989164486527443
0.01485117245465517
0.26247143745422363
0.03494761139154434
0.013502072542905807
0.008979163132607937
0.015855807811021805
0.006165437866002321
0.4355047941207886
0.011530342511832714
0.005341901443898678
0.006469044368714094
0.0025767828337848186
0.001034709275700152
0.005300865974277258
0.0012935273116454482
0.0036783511750400066
0.001149435993283987
0.0028538794722408056
0.005674922373145819
0.0008364752284251153
0.002227335935458541
0.0028679072856903076
0.0020372988656163216
0.004458148963749409
0.0021169758401811123
0.0010085171088576317
0.001625298522412777
0.0003680619993247092
0.00018891274521593004
9.313227522511625e-09
2.277553539897781e-05
1.39517794650601e-06
6.4412788560730405e-06
2.7939684343891713e-08
3.060405788346543e-06
0.0
5.587936335871291e-09
0.0
1.4901162970204496e-08
0.0
1.7508892824480426e-07
5.587936335871291e-09
3.725290742551124e-09
1.769522981476257e-07
6.519269390992122e-08
1.1175890790582343e-07
0.0
1.1175872671742582e-08
1.862645371275562e-09
1.3224835981873184e-07
1.2666437214647885e-06
0.0
2.793969677838959e-08
1.7733306094669388e-06
1.3038520485508798e-08
9.313227522511625e-09
7.916441404631769e-07
1.4901164746561335e-08
1.8626458597736928e-08
0.0
0.0
0.0
0.0
0.0
0.0
0.0
1.862645371275562e-09
0.0
2.4587106395301817e-07
0.0
0.0
0.0
0.0
1.9744163637369638e-07
0.0
5.587936335871291e-09
1.862645371275562e-09
0.0
1.862645371275562e-09
0.0
0.0
1.862645371275562e-09
0.0
1.862645371275562e-09
1.862645371275562e-09
0.0
0.0
0.0
0.0
0.0
0.0
0.0
4.842884848699214e-08
0.0
0.0
0.0
0.0
0.0
0.0
0.0
3.725290742551124e-09
4.6566189126906465e-08
1.8626462150450607e-08
0.0
0.0
0.0
0.0
0.0
0.0
0.0
0.0
0.0
0.0
1.1175873559921001e-08
0.0
0.0
0.0
1.862645371275562e-09
1.862645371275562e-09
0.0
1.862645371275562e-09
0.0
0.0
0.0
0.0
0.0
0.0
0.0
0.0
0.0
0.0
0.0
0.0
0.0
0.0
0.0
0.0
0.0
0.0
0.0
2.030290602306195e-07
0.0
0.0
0.0
0.0
0.0
0.0
0.0
9.313228410690044e-09
0.0
0.0
1.862645371275562e-09
0.0
0.0
0.0
0.0
0.0
2.0489110852395243e-08
0.0
1.862645371275562e-09
0.0
1.8626462150450607e-08
0.0
0.0
1.862645371275562e-09
0.0
0.0
0.0
0.0
1.1175873559921001e-08
0.0
0.0
0.0
0.0
0.0
0.0
0.0
8.754446412240213e-08
0.0
0.0
0.0
0.0
0.0
0.0
1.862645371275562e-09
0.0
0.0
0.0
0.0
1.862645371275562e-09
1.862645371275562e-09
3.539029691523865e-08
0.0
0.0
0.0
0.0
0.0
0.0
0.0
0.0
0.0
1.862645371275562e-09
0.0
0.0
0.0
0.0
0.0
0.0
0.0
0.0
0.0
1.8626462150450607e-08
0.0
2.2351745343485163e-08
0.0
0.0
0.0
0.0
0.0
3.725290742551124e-09
0.0
0.0
0.0
0.0
0.0
1.3038520485508798e-08
0.0
0.0
0.0
0.0
0.0
1.862645371275562e-09
1.322483313970224e-07
0.0
0.0
0.0
0.0
0.0
0.0
1.862645371275562e-09
0.0
0.0
0.0
0.0
0.0
1.862645371275562e-09
1.862645371275562e-09
0.0
1.862645371275562e-09
0.0
0.0
0.0
1.862645371275562e-09
0.0
0.0
0.0
0.0
0.0
0.0
0.0
1.8626458597736928e-08
0.0
0.0
0.0
0.0
1.862645371275562e-09
0.0
0.0
0.0
0.0
0.0
0.0
0.0
0.0
0.0
0.0
0.0
0.0
0.0
0.0
0.0
0.0
0.0
2.607705340551547e-08
1.862645371275562e-09
0.0
0.0
0.0
0.0
1.862645371275562e-09
1.862645371275562e-09
0.0
0.0
0.0
0.0
0.0
0.0
0.0
0.0
0.0
0.0
0.0
0.0
0.0
0.0
0.0
0.0
0.0
0.0
0.0
9.313228410690044e-09
0.0
0.0
0.0
0.0
2.607705340551547e-08
0.0
0.0
0.0
1.862645371275562e-09
0.0
0.0
0.0
0.0
0.0
0.0
0.0
0.0
0.0
7.450582373280668e-09
0.0
0.0
0.0
0.0
0.0
0.0
0.0
0.0
0.0
0.0
0.0
1.862645371275562e-09
0.0
0.0
0.0
0.0
1.862645371275562e-09
0.0
0.0
0.0
0.0
0.0
0.0
0.0
0.0
0.0
0.0
0.0
0.0
0.0
0.0
0.0
0.0
0.0
0.0
0.0
0.0
0.0
0.0
0.0
0.0
0.0
0.0
0.0
0.0
0.0
0.0
0.0
0.0
0.0
0.0
0.0
0.0
0.0
0.0
0.0
0.0
0.0
0.0
0.0
0.0
0.0
0.0
1.862645371275562e-09
0.0
0.0
0.0
1.862645371275562e-09
0.0
0.0
0.0
0.0
0.0
0.0
0.0
0.0
0.0
0.0
0.0
0.0
0.0
0.0
0.0
0.0
1.676381522486281e-08
0.0
0.0
0.0
0.0
0.0
0.0
0.0
0.0
0.0
0.0
0.0
0.0
0.0
0.0
0.0
0.0
0.0
0.0
0.0
1.862645371275562e-09
0.0
0.0
0.0
0.0
0.0
0.0
0.0
0.0
0.0
0.0
0.0
0.0
0.0
0.0
0.0
0.0
0.0
0.0
0.0
0.0
0.0
0.0
0.0
0.0
0.0
0.0
0.0
0.0
0.0
0.0
0.0
0.0
0.0
0.0
0.0
0.0
0.0
0.0
0.0
0.0
0.0
0.0
0.0
0.0
0.0
0.0
0.0
0.0
0.0
0.0
0.0
0.0
0.0
0.0
0.0
0.0
0.0
0.0
0.0
0.0
0.0
0.0
0.0
0.0
0.0
0.0
0.0
0.0
0.0
0.0
0.0
0.0
0.0
0.0
0.0
0.0
0.0
0.0
0.0
0.0
0.0
0.0
0.0
0.0
0.0
0.0
0.0
0.0
0.0
0.0
0.0
0.0
0.0
0.0
0.0
0.0
0.0
0.0
0.0
0.0
0.0
0.0
0.0
0.0
0.0
0.0
0.0
0.0
0.0
0.0
0.0
0.0
0.0
0.0
0.0
0.0
0.0
0.0
0.0
0.0
0.0
0.0
0.0
0.0
0.0
0.0
0.0
0.0
0.0
0.0
0.0
0.0
0.0
0.0
0.0
0.0
0.0
0.0
0.0
0.0
0.0
0.0
0.0
0.0
0.0
0.0
0.0
0.0
0.0
0.0
0.0
0.0
0.0
0.0
0.0
0.0
0.0
0.0
0.0
0.0
0.0
0.0
0.0
0.0
0.0
0.0
0.0
0.0
0.0
0.0
0.0
0.0
0.0
0.0
0.0
0.0
0.0
0.0
0.0
0.0
0.0
0.0
0.0
0.0
0.0
0.0
0.0
0.0
0.0
0.0
0.0
0.0
0.0
0.0
0.0
0.0
0.0
0.0
0.0
0.0
0.0
0.0
0.0
0.0
0.0
0.0
0.0
0.0
0.0
0.0
0.0
0.0
0.0
0.0
0.0
0.0
0.0
0.0
0.0
0.0
0.0
0.0
0.0
0.0
0.0
0.0
0.0
0.0
0.0
0.0
0.0
0.0
0.0
0.0
0.0
0.0
0.0
0.0
0.0
0.0
0.0
0.0
0.0
0.0
0.0
0.0
0.0
0.0
0.0
0.0
0.0
0.0
0.0
0.0
0.0
0.0
0.0
0.0
0.0
0.0
0.0
0.0
0.0
0.0
0.0
0.0
0.0
0.0
0.0
0.0
0.0
0.0
0.0
0.0
0.0
0.0
0.0
0.0
0.0
0.0
0.0
0.0
0.0
0.0
0.0
0.0
0.0
0.0
0.0
0.0
0.0
0.0
0.0
0.0
0.0
0.0
0.0
0.0
0.0
0.0
0.0
0.0
0.0
0.0
0.0
0.0
0.0
0.0
0.0
0.0
0.0
0.0
0.0
0.0
0.0
0.0
0.0
0.0
0.0
0.0
0.0
0.0
0.0
0.0
0.0
0.0
0.0
0.0
0.0
0.0
0.0
0.0
0.0
0.006265541072934866
0.0
1.285230410985605e-07
2.235175777798304e-08
0.0
0.0
0.0
0.0
0.0
0.0
0.0
0.0
0.0
0.0
0.0
0.0
0.0
0.0
0.0
0.0
0.0
0.0
0.0
0.0
0.0
0.0
0.0
0.0
0.0
0.0
0.0
0.0
0.0
0.0
0.0
0.0
0.0
0.0
0.0
0.0
0.0
0.0
0.0
0.0
0.0
0.0
0.0
0.0
0.0
0.0
0.0
0.0
0.0
0.0
0.0
0.0
0.0
0.0
0.0
0.0
0.0
0.0
0.0
0.0
0.0
0.0
0.0
0.0
0.0
0.0
0.0
0.0
0.0
0.0
1.0954033136367798
1.862645371275562e-09
0.0
7.488006667699665e-05
0.0
0.0
0.0
0.0
0.0
0.0
2.4214406479927675e-08
0.0
0.0
3.334170344260201e-07
3.3527648213294015e-08
0.43173542618751526
0.0025596029590815306
0.00011975989764323458
3.3527648213294015e-08
1.6671115190547425e-06
2.7939702107460107e-08
2.3152770154410973e-05
1.1734699967291817e-07
0.0
1.3969901146992925e-07
0.0
0.0
0.0
0.0
0.0
0.0
2.4270750600408064e-06
3.725290742551124e-09
1.6763809895792292e-08
1.862645371275562e-09
0.0
0.0
1.7322648204753932e-07
0.0
1.862645371275562e-09
1.4901168299275014e-08
0.0
6.283034053922165e-06
4.321396431805624e-07
1.862645371275562e-09
0.0
0.0
5.774208489128796e-08
2.607717419778055e-07
7.450582373280668e-09
0.0
0.0
0.0
0.0
0.0
0.0
0.0
2.421457168111374e-07
2.6077046300088114e-08
1.862645371275562e-09
4.470354753038919e-08
1.862645371275562e-09
5.587936335871291e-09
5.587936335871291e-09
0.0
0.0
4.3959039430774283e-07
0.0
0.0
1.862645371275562e-09
0.0
0.0
0.0
3.725290742551124e-09
0.0
0.0
0.0
0.0
1.7136429164565925e-07
7.450581485102248e-09
1.788149006642925e-07
0.0
0.0
2.0489103746967885e-08
1.862645371275562e-09
0.0
0.0
0.0
0.0
0.0
0.0
4.2096104380107136e-07
4.395863300032943e-07
6.70553177428701e-08
4.7125084279286966e-07
1.3038517820973539e-08
4.043390163133154e-06
1.0486857036084984e-06
4.6566192679620144e-08
0.0
4.656614649434232e-08
5.587936335871291e-09
2.924375621660147e-07
5.587936335871291e-09
5.5879429083915966e-08
7.733600796200335e-06
0.0
1.1175872671742582e-08
3.85572292316283e-07
0.0
0.0
3.725290742551124e-09
1.8626460374093767e-08
0.0
9.499513708988161e-08
0.0
0.0
0.0
0.0
1.4901166522918174e-08
0.0
1.862645371275562e-09
0.0
0.0
0.0
2.4214406479927675e-08
7.450581485102248e-09
0.0
0.0
1.862645371275562e-09
0.0
0.0
0.0
1.862645371275562e-09
0.0
0.0
0.0
0.0
5.587936335871291e-09
1.8832477053365437e-06
7.450581485102248e-09
5.587936335871291e-09
1.862645371275562e-09
3.725290742551124e-09
0.0
7.450582373280668e-09
7.450581485102248e-09
0.0
0.0
0.0
0.0
0.0
5.587936335871291e-09
0.0
0.0
1.4901168299275014e-08
0.0
0.0
0.0
0.0
5.085023531137267e-07
8.886969566345215
5.989532837702427e-06
0.5388857126235962
3.431289587751962e-05
0.000271475815679878
9.872094324236969e-07
5.343435623217374e-05
2.4159094209608156e-06
3.25964123248923e-07
2.3655763925489737e-07
3.1665121014157194e-07
4.22195489591104e-06
1.3841672625858337e-05
1.1660311429295689e-05
1.2647432185985963e-06
1.8887890291807707e-06
2.780991280815215e-06
4.1537157358106924e-07
3.649095742730424e-05
2.656284050317481e-05
0.0001337408320978284
1.477106934544281e-06
2.6077048076444953e-08
2.831224890087469e-07
6.742808409399004e-07
1.9763747332035564e-06
0.00019954066374339163
2.1321777239791118e-05
4.973275053998805e-07
8.177055406122236e-07
2.6952998268825468e-06
7.450582373280668e-09
1.0654398465703707e-06
3.688062690798688e-07
5.029144034551791e-08
1.4342381859933084e-07
6.990805559325963e-06
2.4959513211797457e-07
3.013990863109939e-06
3.557658772024297e-07
6.333091278065694e-07
5.7153670240950305e-06
8.270215516859025e-07
3.725290742551124e-09
3.93019320199528e-07
1.3783605368189455e-07
1.918527487987376e-07
1.162330704573833e-06
5.215409260017623e-08
1.557210566716094e-06
3.725290742551124e-09
1.8812781377164356e-07
1.076622424989182e-06
0.0
2.421441536171187e-07
9.313227522511625e-09
2.7810024221253116e-06
1.0058294463988204e-07
1.5832509348001622e-07
3.725290742551124e-09
9.190880518872291e-06
4.2840863301307763e-08
2.1912474039709195e-05
2.9616217034345027e-07
1.8217424440081231e-06
8.754441438441063e-08
7.078055830334051e-08
9.313227522511625e-09
1.1548432610197779e-07
8.381910276966664e-08
6.426200798159698e-07
9.499504471932596e-08
1.2312481203480274e-06
1.5535176771663828e-06
1.3038521373687217e-08
8.344818525074515e-07
1.080334541825323e-07
5.979116508569859e-07
2.42143940454298e-08
0.0
0.0
8.195649314757247e-08
5.774242026745924e-07
7.450581485102248e-09
1.0989610643719061e-07
4.8428798749000634e-08
1.043082278329166e-07
0.0
5.401675551297558e-08
1.862645371275562e-09
5.4016737749407184e-08
3.352763044972562e-08
1.1175882264069514e-07
3.315524566005479e-07
2.235175067255568e-08
9.313227522511625e-09
5.215408549474887e-08
5.587936335871291e-09
1.862645371275562e-09
1.881281264104473e-07
1.862645371275562e-09
0.0
1.3038517820973539e-08
1.862645371275562e-09
2.2351748896198842e-08
2.2351748896198842e-08
2.421439049271612e-08
0.0
1.4156120187180932e-07
1.6671231151121901e-06
1.0282086577717564e-06
1.098964261814217e-07
5.215413523274037e-08
2.2351745343485163e-08
3.725290742551124e-09
3.725290742551124e-09
1.862645371275562e-09
1.3038518709151958e-08
2.6449697543284856e-07
2.0489105523324724e-08
6.705525379402388e-08
3.725290742551124e-09
4.284085264316673e-08
1.862645371275562e-09
3.8370694710465614e-07
7.450582373280668e-09
1.862645371275562e-09
1.3224816086676583e-07
0.0
0.0
1.862645371275562e-09
5.960469451338213e-08
0.0
0.0
1.210722899713801e-07
5.587936335871291e-09
0.0
0.0
0.0
0.0
1.4901164746561335e-08
2.0116621612942254e-07
0.0
5.587936335871291e-09
0.0
1.676381522486281e-08
3.725290742551124e-09
3.3527817322465125e-07
3.725290742551124e-09
0.0
0.0
0.0
1.3038517820973539e-08
9.313227522511625e-09
3.725290742551124e-09
1.1306633496133145e-06
1.844026655817288e-07
1.862645371275562e-09
2.6077042747374435e-08
1.2852274267061148e-07
3.911557300284585e-08
0.0
0.6630657911300659
0.000195794491446577
0.0027294354513287544
0.0003201196959707886
0.002967723412439227
4.05899845645763e-06
0.0007495211320929229
0.00210942467674613
0.0005287980893626809
0.0013078119372949004
0.0011983024887740612
0.0025656979996711016
0.0011640695156529546
0.000829743396025151
0.0020959661342203617
0.0015266775153577328
0.0007440465269610286
0.0012449267087504268
0.0003609440173022449
0.000903370208106935
0.0003419916029088199
0.0016750895883888006
0.0007420836482197046
0.0004602865665219724
0.00030911172507330775
0.0005212255637161434
0.0004078120400663465
0.001488829730078578
0.0014101803535595536
0.0002220528549514711
0.00030951452208682895
0.001866701408289373
0.000622107065282762
0.0004653210926335305
0.0001887695398181677
0.00023807473189663142
0.00012045209587085992
0.000477881811093539
8.982307917904109e-05
0.00021256101899780333
0.0004232650389894843
0.00023216054250951856
0.00021385482978075743
0.000410307664424181
0.0005977245746180415
0.0003204026143066585
0.0002868737210519612
0.00032564863795414567
9.600644989404827e-05
3.0389112453121925e-06
0.00037689655437134206
0.00013224082067608833
0.00010279674461344257
0.0003104284987784922
8.746921957936138e-05
0.0004273283702787012
0.0001503745879745111
0.00017187318007927388
8.866238931659609e-05
0.00024878300609998405
0.00012287790013942868
0.00014375957835000008
9.567955567035824e-05
6.888314237585291e-05
0.0001392930280417204
4.2523253796389326e-05
0.00011087756865890697
0.00024103767646010965
0.00022196515055838972
0.0002930592163465917
0.00032505416311323643
0.0003819342528004199
0.00021784640557598323
0.0001490539580117911
0.0002384199178777635
0.0005535327945835888
0.0013344178441911936
0.00071623147232458
0.0008936223457567394
0.00074913096614182
0.0005055137444287539
0.0007822551415301859
0.00082933105295524
0.0005919357645325363
0.0019668799359351397
0.0011847270652651787
0.0005233903066255152
0.04371301829814911
6.358158134389669e-05
9.7155301773455e-05
0.00031702127307653427
0.0001748843351379037
0.013697012327611446
0.0001357167202513665
0.00017194144311361015
0.00014845225086901337
0.00014263570483308285
7.42749689379707e-05
0.00011531868949532509
0.000131659529870376
5.017538933316246e-05
8.234832785092294e-05
6.127834785729647e-05
0.0001439678599126637
6.651693547610193e-05
0.00015290649025700986
0.00014193009701557457
0.00043893620022572577
0.00015066188643686473
9.802219210541807e-06
6.239121285034344e-05
6.246040720725432e-05
5.677232547895983e-05
7.663400174351409e-05
5.467401206260547e-05
0.00015161448391154408
0.00028281682170927525
0.00015548209194093943
0.0001898735063150525
0.00024536531418561935
0.0003732251061592251
0.0003073029511142522
0.0014683763729408383
6.853093509562314e-05
6.0736208979506046e-05
0.00012863035954069346
0.00011637753050308675
5.8994592109229416e-05
7.393385021714494e-05
6.31588336545974e-05
0.00012510147644206882
0.00018049684877041727
0.00014856981579214334
1.8532560716266744e-05
1.496460936323274e-05
3.2728177757235244e-05
3.258101060055196e-05
6.859056884422898e-05
0.051032811403274536
8.027495641727e-05
7.544564141426235e-05
0.00011077526869485155
6.738717638654634e-05
4.928593261865899e-05
7.249593909364194e-05
0.0001030359126161784
0.0001001707641989924
4.765979974763468e-05
0.0001663694711169228
0.00011345119855832309
9.853989467956126e-05
0.00015855918172746897
7.074402674334124e-05
0.00013989006401970983
7.909489067969844e-05
0.00017532958008814603
6.459030555561185e-05
0.0006176111055538058
7.449074473697692e-05
0.00014480410027317703
5.936431625741534e-05
2.761970790743362e-05
4.5778338972013444e-05
4.0156039176508784e-05
7.453101716237143e-05
5.510346818482503e-05
4.99500019941479e-05
4.075925244251266e-05
8.837250788928941e-05
7.914326124591753e-05
7.270267815329134e-05
6.711338210152462e-05
8.679198799654841e-05
7.595789065817371e-05
2.55977465712931e-05
6.934974226169288e-05
7.083897071424872e-05
8.507624443154782e-05
8.033740596147254e-05
3.834517701761797e-05
0.00011239748710067943
0.0001800493337213993
5.132000660523772e-05
2.4674816813785583e-05
5.4937496315687895e-05
8.489377796649933e-05
8.640909800305963e-05
0.0001275903487112373
9.061908349394798e-05
0.0002862960973288864
0.00026505187270231545
0.0004099988145753741
0.00023921267711557448
2.9699965580221033e-06
1.1626702871581074e-05
0.0008447006694041193
1.583087032486219e-05
2.0773370124516077e-05
9.929879524861462e-06
3.384951196494512e-05
1.0275329259457067e-05
4.254839586792514e-05
3.907070276909508e-05
4.383274063002318e-05
4.0133396396413445e-05
2.251592741231434e-05
2.9335245926631615e-05
4.8959002015180886e-05
0.0036774026229977608
3.4232296457048506e-05
1.9933306248276494e-05
3.958948946092278e-05
4.9439575377618894e-05
5.174563193577342e-05
4.814962449017912e-05
2.9023865863564424e-05
5.46841838513501e-05
4.69314145448152e-05
6.029380892869085e-05
2.846444294846151e-05
4.175584399490617e-05
3.272444155300036e-05
5.236317520029843e-05
5.076124216429889e-05
2.8150561774964444e-05
3.76885654986836e-05
2.7973621399723925e-05
5.2341725677251816e-05
5.3247029427438974e-05
1.4072300018597161e-06
5.7770710554905236e-05
3.817848119069822e-05
1.9249715478508733e-05
2.6851397706195712e-05
6.211018626345322e-05
9.0997782535851e-05
9.587201930116862e-05
1.0272542567690834e-05
5.8878399613604415e-06
9.324448001279961e-06
8.42478038975969e-06
1.9598017388489097e-05
1.1366859325789846e-05
8.035483915591612e-06
8.098817488644272e-06
5.30389752384508e-06
1.1017608812835533e-05
1.740937113936525e-05
2.8070484404452145e-05
1.876074747997336e-05
7.843631465220824e-06
2.454065906931646e-05
2.3685692212893628e-05
2.8755017410730943e-05
5.291790330375079e-06
2.5482264391030185e-05
1.2723816325888038e-05
1.5436795365530998e-05
1.3290067727211863e-05
2.2787871785112657e-05
1.6708079783711582e-05
1.8805458239512518e-05
4.543934664980043e-06
8.827119927445892e-06
2.869409854611149e-06
9.198717634717468e-06
1.1906104191439226e-05
1.810043613659218e-05
1.061061630025506e-05
1.602913107490167e-05
6.183073310239706e-06
1.3984845281811431e-05
1.3754802239418495e-05
9.926090569933876e-06
8.977993275038898e-06
1.445800626242999e-05
1.3474997103912756e-05
6.078762453398667e-06
1.6641024558339268e-05
1.8451548385201022e-05
6.370270966726821e-06
1.4050039681023918e-05
7.080875548126642e-06
1.186326153401751e-05
1.4359249689732678e-05
6.585406936210347e-06
1.1948946848860942e-05
1.07987498267903e-05
4.776768037118018e-06
1.2056981177011039e-05
1.1129375707241707e-05
1.28774890981731e-05
1.201879967993591e-05
6.3749266701051965e-06
9.125144060817547e-06
7.311844456125982e-06
8.167742635123432e-06
9.842273357207887e-06
9.652280823502224e-06
9.170782504952513e-06
7.420663314405829e-05
2.1150360680621816e-06
2.8135295906395186e-06
2.0358734218461905e-06
2.783727722999174e-06
2.5285444280598313e-06
1.6801075162220513e-06
1.457520966141601e-06
3.458938635958475e-06
3.7225040614430327e-06
1.2647369658225216e-06
2.954159981527482e-06
3.820292931777658e-06
2.676624944797368e-06
2.855439561244566e-06
4.009352323919302e-06
3.2251759876089636e-06
4.628778697224334e-06
7.860366508793959e-07
1.94739777725772e-06
2.330172037545708e-06
3.4850156680477085e-06
5.279683136905078e-06
1.6856954516697442e-06
2.3683567178522935e-06
4.408892891660798e-06
3.154395244564512e-06
1.056120481734979e-06
2.0805769054277334e-06
2.2212070689420216e-06
2.1467008082254324e-06
1.7127039200204308e-06
2.142042205832695e-07
1.017936028802069e-06
3.8277366343208996e-07
1.2619429980986752e-06
1.586975031386828e-06
1.267530933546368e-06
1.6279534520435845e-06
2.4065407160378527e-06
1.2163081919425167e-06
2.2305202946881764e-06
2.251009391329717e-06
1.9455349047348136e-06
1.7043219031620538e-06
2.096409616569872e-06
9.834773209149716e-07
1.2274840628379025e-06
2.461489202687517e-06
2.8647532417380717e-06
4.0046870708465576e-08
4.5448553009919124e-07
1.7695131759865035e-07
5.895274171052733e-07
3.883615704580734e-07
7.348137955887069e-07
1.1157251265103696e-06
5.261974251880019e-07
5.057082717030426e-07
5.587935447692871e-08
1.237728497471835e-06
1.3476246749632992e-06
1.4305126114777522e-06
1.3941910310677486e-06
8.09319658401364e-07
1.6074641280283686e-06
1.3345861589186825e-06
2.0517059056146536e-06
4.603539309755433e-06
2.9504346912290202e-06
3.922739779227413e-06
2.703633526834892e-06
2.3711509129498154e-06
3.0277353744168067e-06
8.510374755132943e-06
1.626091034268029e-06
1.1372610060789157e-05
2.2435672235587845e-06
5.453935500554508e-06
4.423786208462843e-07
2.6039961085189134e-06
1.6205038377847814e-07
1.0337903404433746e-06
0.0
1.862645371275562e-09
0.0
0.0
0.0
0.0
0.0
0.0
1.862645371275562e-09
0.0
0.0
3.911557655555953e-08
0.0
1.862645371275562e-09
0.0
0.0
0.0
1.937161897558326e-07
0.0
0.0
0.0
0.0
0.0
0.0
1.862645371275562e-09
3.725290742551124e-09
1.862645371275562e-09
0.0
0.0
0.0
0.0
0.0
0.0
0.0
3.725290742551124e-09
0.0
0.0
0.0
1.862645371275562e-09
1.862645371275562e-09
0.0
0.0
0.0
0.0
0.0
0.0
1.862645371275562e-09
0.0
0.0
0.0
0.0
0.0
1.750896245766853e-07
0.0
0.0
0.0
0.0
0.0
0.0
0.0
0.0
0.0
0.0
0.0
0.0
5.587936335871291e-09
0.0
0.0
0.0
0.0
0.0
0.0
0.0
1.4156141503463004e-07
0.0
0.0
0.0
0.0
0.0
0.0
0.0
0.0
0.0
0.0
0.0
0.0
0.0
0.0
0.0
0.0
0.0
0.0
1.862645371275562e-09
0.0
0.0
0.0
0.0
0.0
0.0
0.0
0.0
0.0
0.0
0.0
0.0
0.0
0.0
0.0
0.0
0.0
0.0
2.980232949312267e-08
0.0
0.0
0.0
0.0
0.0
0.0
0.0
0.0
0.0
0.0
0.0
0.0
0.0
0.0
0.0
0.0
0.0
0.0
0.0
0.0
0.0
0.0
0.0
0.0
0.0
0.0
0.0
0.0
0.0
0.0
0.0
0.0
0.0
0.0
0.0
0.0
0.0
0.0
0.0
0.0
0.0
0.0
0.0
0.0
0.0
0.0
0.0
0.0
0.0
0.0
0.0
0.0
0.0
0.0
0.0
0.0
0.0
0.0
0.0
0.0
0.0
0.0
0.0
0.0
0.0
0.0
0.0
0.0
0.0
0.0
0.0
0.0
0.0
0.0
0.0
0.0
0.0
0.0
0.0
0.0
0.0
0.0
0.0
0.0
0.0
0.0
0.0
0.0
0.0
0.0
0.0
0.0
0.0
0.0
0.0
0.0
0.0
0.0
0.0
0.0
0.0
0.0
0.0
0.0
0.0
0.0
0.0
0.0
0.0
0.0
0.0
0.0
0.0
0.0
0.0
0.0
0.0
0.0
0.0
0.0
0.0
0.0
0.0
0.0
0.0
0.0
0.0
0.0
0.0
0.0
0.0
0.0
0.0
0.0
0.0
0.0
0.0
0.0
0.0
0.0
0.0
0.0
0.0
0.0
0.0
0.0
0.0
0.0
0.0
0.0
0.0
0.0
0.0
0.0
0.0
0.0
0.0
0.0
0.0
0.0
0.0
0.0
0.0
0.0
0.0
0.0
0.0
0.0
0.0
0.0
0.0
0.0
0.0
0.0
0.0
0.0
0.0
0.0
0.0
0.0
0.0
0.0
0.0
0.0
0.0
0.0
0.0
0.0
0.0
0.0
0.0
0.0
0.0
0.0
0.0
0.0
0.0
0.0
0.0
0.0
0.0
0.0
0.0
0.0
0.0
0.0
0.0
0.0
0.0
0.0
0.0
0.0
0.0
0.0
0.0
0.0
0.0
0.0
0.0
0.0
0.0
0.0
0.0
0.0
0.0
0.0
0.0
0.0
0.0
0.0
0.0
0.0
1.862645371275562e-09
0.0
0.0
0.0
0.0
0.0
0.0
0.0
0.0
0.0
0.0
0.0
0.0
0.0
0.0
0.0
0.0
0.0
0.0
0.0
0.0
0.0
0.0
0.0
0.0
0.0
0.0
0.0
0.0
0.0
0.0
0.0
0.0
0.0
0.0
0.0
0.0
0.0
0.0
0.0
0.0
0.0
0.0
0.0
0.0
0.0
0.0
0.0
0.0
0.0
0.0
0.0
0.0
0.0
0.0
0.0
0.0
0.0
0.0
0.0
0.0
0.0
0.0
0.0
0.0
0.0
0.0
0.0
0.0
0.0
0.0
0.0
0.0
0.0
0.0
0.0
0.0
0.0
0.0
0.0
0.0
0.0
0.0
0.0
0.0
0.0
0.0
0.0
0.0
0.0
0.0
0.0
0.0
0.0
0.0
0.0
0.0
0.0
0.0
0.0
0.0
0.0
0.0
0.0
0.0
0.0
0.0
0.0
0.0
0.0
0.0
0.0
0.0
0.0
0.0
0.0
0.0
0.0
0.0
0.0
0.0
0.0
0.0
0.0
0.0
0.0
0.0
0.0
0.0
0.0
0.0
0.0
0.0
0.0
0.0
0.0
0.0
0.0
0.0
0.0
0.0
0.0
0.0
0.0
0.0
0.0
0.0
0.0
0.0
0.0
0.0
0.0
0.0
0.0
0.0
0.0
0.0
0.0
0.0
0.0
0.0
0.0
0.0
0.0
0.0
0.0
0.0
0.0
0.0
0.0
0.0
0.0
0.0
0.0
0.0
0.0
0.0
0.0
0.0
0.0
0.0
0.0
0.0
0.0
0.0
0.0
0.0
0.0
0.0
0.0
0.0
0.0
0.0
0.0
0.0
0.0
0.0
0.0
0.0
0.0
0.0
0.0
0.0
0.0
0.0
0.0
0.0
0.0
0.0
0.0
0.0
0.0
0.0
0.0
0.0
0.0
0.0
0.0
0.0
0.0
0.0
0.0
0.0
0.0
0.0
0.0
0.0
0.0
0.0
0.0
0.0
0.0
0.0
0.0
0.0
0.0
0.0
0.0
0.0
0.0
0.0
0.0
0.0
0.0
0.0
0.0
0.0
0.0
0.0
0.0
0.0
0.0
0.0
0.0
0.0
0.0
0.0
0.0
0.0
0.0
0.0
0.0
0.0
0.0
0.0
0.0
0.0
0.0
0.0
0.0
0.0
0.0
0.0
0.0
0.0
0.0
0.0
0.0
0.0
0.0
0.0
0.0
0.0
0.0
0.0
0.0
0.0
0.0
0.0
0.0
0.0
0.0
0.0
0.0
0.0
0.0
0.0
0.0
0.0
0.0
0.0
0.0
0.0
0.0
0.0
0.0
0.0
0.0
0.0
0.0
0.0
0.0
0.0
0.0
0.0
0.0
0.0
0.0
0.0
0.0
0.0
0.0
0.0
0.0
0.0
0.0
0.0
0.0
0.0
0.0
0.0
0.0
0.0
0.0
0.0
0.0
0.0
0.0
0.0
0.0
0.0
0.0
0.0
0.0
0.0
0.0
0.0
0.0
0.0
0.0
0.0
0.0
0.0
0.0
0.0
0.0
0.0
0.0
0.0
0.0
0.0
0.0
0.0
0.0
0.0
0.0
0.0
0.0
0.0
0.0
0.0
0.0
0.0
0.0
0.0
0.0
0.0
0.0
0.0
0.0
0.0
0.0
0.0
0.0
0.0
0.0
0.0
0.0
0.0
0.0
0.0
0.0
0.0
0.0
0.0
0.0
0.0
0.0
0.0
0.0
0.0
0.0
0.0
0.0
0.0
0.0
0.0
0.0
0.0
0.0
0.0
0.0
0.0
0.0
0.0
0.0
0.0
0.0
0.0
0.0
0.0
0.0
0.0
0.0
0.0
0.0
0.0
0.0
0.0
0.0
0.0
0.0
0.0
0.0
0.0
0.0
0.0
0.0
0.0
0.0
0.0
0.0
0.0
0.0
0.0
0.0
0.0
0.0
0.0
0.0
0.0
0.0
0.0
0.0
0.0
0.0
0.0
0.0
0.0
0.0
0.0
0.0
0.0
0.0
0.0
0.0
0.0
0.0
0.0
0.0
0.0
0.0
0.0
0.0
0.0
0.0
0.0
0.0
0.0
0.0
0.0
0.0
0.0
0.0
0.0
0.0
0.0
0.0
0.0
0.0
0.0
0.0
0.0
0.0
0.0
0.0
0.0
0.0
0.0
0.0
0.0
0.0
0.0
0.0
0.0
0.0
0.0
0.0
0.0
0.0
0.0
0.0
0.0
0.0
0.0
0.0
0.0
0.0
0.0
0.0
0.0
0.0
0.0
0.0
0.0
0.0
0.0
0.0
0.0
0.0
0.0
0.0
0.0
0.0
0.0
0.0
0.0
0.0
0.0
0.0
0.0
0.0
0.0
0.0
0.0
0.0
0.0
0.0
0.0
0.0
0.0
0.0
0.0
0.0
0.0
0.0
0.0
0.0
0.0
0.0
0.0
0.0
0.0
0.0
0.0
0.0
0.0
0.0
0.0
0.0
0.0
0.0
0.0
0.0
0.0
0.0
0.0
0.0
0.0
0.0
0.0
0.0
0.0
0.0
0.0
0.0
0.0
0.0
0.0
0.0
0.0
0.0
0.0
0.0
0.0
0.0
0.0
0.0
0.0
0.0
0.0
0.0
0.0
0.0
0.0
0.0
0.0
0.0
0.0
0.0
0.0
0.0
0.0
0.0
0.0
0.0
0.0
0.0
0.0
0.0
0.0
0.0
0.0
0.0
0.0
0.0
0.0
0.0
0.0
0.0
0.0
0.0
0.0
0.0
0.0
0.0
0.0
0.0
0.0
0.0
0.0
0.0
0.0
0.0
0.0
0.0
0.0
0.0
0.0
0.0
0.0
0.0
0.0
0.0
0.0
0.0
0.0
0.0
0.0
0.0
0.0
0.0
0.0
0.0
0.0
0.0
0.0
0.0
0.0
0.0
0.0
0.0
0.0
0.0
0.0
0.0
0.0
0.0
0.0
0.0
0.0
0.0
0.0
0.0
0.0
0.0
0.0
0.0
0.0
0.0
0.0
0.0
0.0
0.0
0.0
0.0
0.0
0.0
0.0
0.0
0.0
0.0
0.0
0.0
0.0
0.0
0.0
0.0
0.0
0.0
0.0
0.0
0.0
0.0
0.0
0.0
0.0
0.0
0.0
0.0
0.0
0.0
0.0
0.0
0.0
0.0
0.0
0.0
0.0
0.0
0.0
0.0
0.0
0.0
0.0
0.0
0.0
0.0
0.0
0.0
0.0
0.0
0.0
0.0
0.0
0.0
0.0
0.0
0.0
0.0
0.0
0.0
0.0
0.0
0.0
0.0
0.0
0.0
0.0
0.0
0.0
0.0
0.0
0.0
0.0
0.0
0.0
0.0
0.0
0.0
0.0
0.0
0.0
0.0
0.0
0.0
0.0
0.0
0.0
0.0
0.0
0.0
0.0
0.0
0.0
0.0
0.0
0.0
0.0
0.0
0.0
0.0
0.0
0.0
0.0
0.0
0.0
0.0
0.0
0.0
0.0
0.0
0.0
0.0
0.0
0.0
0.0
0.0
0.0
0.0
0.0
0.0
0.0
0.0
0.0
0.0
0.0
0.0
0.0
0.0
0.0
0.0
0.0
0.0
0.0
0.0
0.0
0.0
0.0
0.0
0.0
0.0
0.0
0.0
0.0
0.0
0.0
0.0
0.0
0.0
0.0
0.0
0.0
0.0
0.0
0.0
0.0
0.0
0.0
0.0
0.0
0.0
0.0
0.0
0.0
0.0
0.0
0.0
0.0
0.0
0.0
0.0
0.0
0.0
0.0
0.0
0.0
0.0
0.0
0.0
0.0
0.0
0.0
0.0
0.0
0.0
0.0
0.0
0.0
0.0
0.0
0.0
0.0
0.0
0.0
0.0
0.0
0.0
0.0
0.0
0.0
0.0
0.0
0.0
0.0
0.0
0.0
0.0
0.0
0.0
0.0
0.0
0.0
0.0
0.0
0.0
0.0
0.0
0.0
0.0
0.0
0.0
0.0
0.0
0.0
0.0
0.0
0.0
0.0
0.0
0.0
0.0
0.0
0.0
0.0
0.0
0.0
0.0
0.0
0.0
0.0
0.0
0.0
0.0
0.0
0.0
0.0
0.0
0.0
0.0
0.0
0.0
0.0
0.0
0.0
0.0
0.0
0.0
0.0
0.0
0.0
0.0
0.0
0.0
0.0
0.0
0.0
0.0
0.0
0.0
0.0
0.0
0.0
0.0
0.0
0.0
0.0
0.0
0.0
0.0
0.0
0.0
0.0
0.0
0.0
0.0
0.0
0.0
0.0
0.0
0.0
0.0
0.0
0.0
0.0
0.0
0.0
0.0
0.0
0.0
0.0
0.0
0.0
0.0
0.0
0.0
0.0
0.0
0.0
0.0
0.0
0.0
0.0
0.0
0.0
0.0
0.0
0.0
0.0
0.0
0.0
0.0
0.0
0.0
0.0
0.0
0.0
0.0
0.0
0.0
0.0
0.0
0.0
0.0
0.0
0.0
0.0
0.0
0.0
0.0
0.0
0.0
0.0
0.0
0.0
0.0
0.0
0.0
0.0
0.0
0.0
0.0
0.0
0.0
0.0
0.0
0.0
0.0
0.0
0.0
0.0
0.0
0.0
0.0
0.0
0.0
0.0
0.0
0.0
0.0
0.0
0.0
0.0
0.0
0.0
0.0
0.0
0.0
0.0
0.0
0.0
0.0
0.0
0.0
0.0
0.0
0.0
0.0
0.0
0.0
0.0
0.0
0.0
0.0
0.0
0.0
0.0
2.4577643671364058e-06
7.442228707077447e-06
8.47228329803329e-06
6.071312782296445e-06
1.4370318695000606e-06
4.285025170247536e-06
1.889655550257885e-06
2.063813099084655e-06
2.561140718171373e-06
2.707358817133354e-06
1.2489044820540585e-06
1.0393566753919004e-06
1.290813997911755e-06
1.1157251265103696e-06
2.0694010345323477e-06
1.077540900951135e-06
8.251521421698271e-07
6.528573521791259e-07
1.139939513450372e-06
7.841739488867461e-07
1.0989607801548118e-07
8.037317229536711e-07
6.4112473410204984e-06
1.642402639845386e-05
1.680960485828109e-05
1.220599460793892e-05
3.0631254048785195e-06
2.8526455935207196e-06
1.2924061593366787e-05
8.247830919572152e-06
2.3031639102555346e-06
3.5241316709289094e-06
7.621977147209691e-06
3.7904910641373135e-06
3.9562673919135705e-06
9.266665301765897e-07
7.284837920451537e-06
3.2344892133551184e-06
2.0861648408754263e-06
2.59373723565659e-06
1.1846432244055904e-06
2.691526333364891e-06
1.5199196923276759e-06
1.4118861599854426e-06
1.7862785171018913e-06
6.379561909852782e-07
2.2705673927703174e-06
1.4454137726715999e-06
9.77889271780441e-07
2.12248642128543e-06
1.8831362922355765e-06
1.3187536751502194e-06
1.1017552878911374e-06
1.273118868994061e-06
6.556513199029723e-07
1.02911212707113e-06
7.674101425436675e-07
6.742778850821196e-07
1.1734666571783237e-07
9.294603842135984e-07
1.4286499663285213e-06
9.126965778705198e-07
1.0449446108395932e-06
1.1362142231519101e-06
8.624050451544463e-07
1.0002411272580503e-06
1.1874370784425992e-06
3.241003128096054e-07
3.930182117528602e-07
1.1408708360249875e-06
8.950014489528257e-07
6.724151262460509e-07
1.1175872316471214e-07
5.2247213488954e-07
1.648441099177944e-07
5.057082717030426e-07
8.707870620128233e-07
9.499495945419767e-07
4.6193611069611507e-07
7.711354328421294e-07
7.357450613199035e-07
7.357451181633223e-07
0.0
3.920868607565353e-07
3.417954417272995e-07
4.6286743327073054e-07
6.714838036714355e-07
1.6856941442711104e-07
1.7136338215095748e-07
4.023314090773056e-07
1.1175872316471214e-07
5.736948196499725e-07
5.112962639941543e-07
2.887100549742172e-07
2.272427366278862e-07
4.4517230435303645e-07
5.112962639941543e-07
4.5821082039765315e-07
1.1269004573932762e-07
3.2503163538422086e-07
3.3900147400345304e-07
2.2910538177711715e-07
2.840534421011398e-07
0.0
1.695007227908718e-07
4.5448553009919124e-07
2.272427366278862e-07
1.6670675506702537e-07
2.2817405920250167e-07
1.1082740059009666e-07
1.1175872316471214e-07
2.272427366278862e-07
2.840534421011398e-07
1.695007227908718e-07
1.1082740059009666e-07
1.7322601308933372e-07
0.0
2.2351744632942427e-07
2.840534421011398e-07
1.1269004573932762e-07
1.657754324924099e-07
1.1269004573932762e-07
2.272427366278862e-07
1.7322601308933372e-07
2.840534421011398e-07
1.7043204536548728e-07
2.896413775488327e-07
1.7322601308933372e-07
2.3469331722481002e-07
1.6763806343078613e-07
2.2351744632942427e-07
1.1548401346317405e-07
1.7601998081318015e-07
1.7136335372924805e-07
1.7322601308933372e-07
1.1175872316471214e-07
1.7043204536548728e-07
1.1455269088855857e-07
5.494803190231323e-08
1.136213683139431e-07
1.7043204536548728e-07
1.7043204536548728e-07
1.1455269088855857e-07
1.1548401346317405e-07
1.1548401346317405e-07
1.7322601308933372e-07
5.960464477539063e-08
5.681067705154419e-08
4.656613761255812e-09
1.1548401346317405e-07
1.1548401346317405e-07
9.313225746154785e-10
5.774199962615967e-08
1.1455269088855857e-07
5.774199962615967e-08
5.774199962615967e-08
5.774199962615967e-08
5.681067705154419e-08
5.681067705154419e-08
0.0
0.0
5.587935447692871e-08
0.0
0.0
5.681067705154419e-08
0.0
0.0
5.681067705154419e-08
0.0
0.0
5.681067705154419e-08
5.681067705154419e-08
0.0
5.774199962615967e-08
5.774199962615967e-08
5.774199962615967e-08
0.0
5.587935447692871e-08
0.0
5.774199962615967e-08
0.0
0.0
0.0
0.0
0.0
0.0
5.494803190231323e-08
0.0
5.681067705154419e-08
5.681067705154419e-08
5.494803190231323e-08
5.774199962615967e-08
0.0
5.587935447692871e-08
0.0
5.587935447692871e-08
0.0
0.0
0.0
5.681067705154419e-08
0.0
5.681067705154419e-08
5.494803190231323e-08
0.0
0.0
0.0
5.681067705154419e-08
0.0
0.0
0.0
5.681067705154419e-08
0.0
0.0
0.0
0.0
0.0
0.0
0.0
0.0
0.0
0.0
0.0
0.0
0.0
0.0
0.0
0.0
0.0
0.0
0.0
0.0
0.0
0.0
0.0
0.0
0.0
0.0
0.0
0.0
0.0
0.0
0.0
0.0
0.0
0.0
0.0
0.0
0.0
0.0
0.0
0.0
0.0
0.0
0.0
0.0
0.0
1.862645371275562e-09
0.0
0.0
0.0
0.0
0.0
0.0
0.0
0.0
0.0
0.0
0.0
0.0
0.0
0.0
0.0
0.0
0.0
0.0
0.0
0.0
0.0
0.0
0.0
0.0
0.0
0.0
0.0
0.0
0.0
0.0
0.0
0.0
0.0
0.0
1.862645371275562e-09
0.0
0.0
0.0
0.0
0.0
0.0
0.0
0.0
0.0
0.0
8.381903171539307e-09
0.0
0.0
0.0
0.0
0.0
0.0
0.0
0.0
0.0
1.8626462150450607e-08
0.0
0.0
0.0
0.0
0.0
0.0
0.0
0.0
0.0
0.0
0.0
0.0
0.0
0.0
0.0
0.0
0.0
0.0
0.0
0.0
0.0
0.0
0.0
0.0
0.0
0.0
0.0
0.0
0.0
0.0
0.0
0.0
0.0
0.0
0.0
0.0
0.0
0.0
0.0
0.0
0.0
0.0
0.0
0.0
0.0
0.0
0.0
0.0
0.0
0.0
0.0
0.0
0.0
0.0
0.0
0.0
0.0
0.0
0.0
0.0
0.0
0.0
0.0
0.0
0.0
0.0
0.0
0.0
0.0
0.0
0.0
0.0
0.0
0.0
0.0
0.0
0.0
0.0
0.0
0.0
0.0
0.0
0.0
0.0
0.0
0.0
0.0
0.0
0.0
0.0
0.0
0.0
0.0
0.0
0.0
0.0
0.0
0.0
0.0
0.0
0.0
0.0
0.0
0.0
0.0
0.0
0.0
0.0
0.0
0.0
0.0
0.0
0.0
0.0
0.0
0.0
0.0
0.0
0.0
0.0
0.0
0.0
0.0
0.0
0.0
0.0
0.0
0.0
0.0
0.0
0.0
0.0
0.0
0.0
0.0
0.0
0.0
0.0
0.0
0.0
0.0
0.0
0.0
0.0
0.0
0.0
0.0
0.0
0.0
0.0
0.0
0.0
0.0
0.0
0.0
0.0
0.0
0.0
0.0
0.0
0.0
0.0
0.0
0.0
0.0
1.862645371275562e-09
0.0
0.0
0.0
0.0
0.0
0.0
0.0
0.0
0.0
0.0
0.0
0.0
0.0
0.0
0.0
0.0
0.0
0.0
0.0
0.0
0.0
0.0
0.0
0.0
0.0
0.0
0.0
0.0
0.0
0.0
0.0
0.0
0.0
0.0
0.0
0.0
0.0
0.0
0.0
0.0
0.0
0.0
0.0
0.0
0.0
0.0
0.0
0.0
0.0
0.0
0.0
0.0
0.0
0.0
0.0
0.0
0.0
0.0
0.0
0.0
0.0
0.0
0.0
0.0
0.0
0.0
0.0
0.0
0.0
0.0
0.0
0.0
0.0
0.0
0.0
0.0
0.0
0.0
0.0
0.0
0.0
0.0
0.0
0.0
0.0
0.0
0.0
0.0
0.0
0.0
0.0
0.0
0.0
0.0
0.0
0.0
0.0
0.0
0.0
0.0
0.0
0.0
0.0
0.0
0.0
0.0
0.0
0.0
0.0
0.0
0.0
0.0
0.0
0.0
0.0
0.0
0.0
0.0
0.0
0.0
0.0
0.0
0.0
0.0
0.0
0.0
0.0
0.0
0.0
0.0
0.0
0.0
0.0
0.0
0.0
0.0
0.0
0.0
0.0
0.0
0.0
0.0
0.0
0.0
0.0
0.0
0.0
0.0
0.0
0.0
0.0
0.0
0.0
0.0
0.0
0.0
0.0
0.0
0.0
0.0
0.0
0.0
0.0
0.0
0.0
0.0
0.0
0.0
0.0
0.0
0.0
0.0
0.0
0.0
0.0
0.0
0.0
0.0
0.0
0.0
0.0
0.0
0.0
0.0
0.0
0.0
0.0
0.0
0.0
0.0
0.0
0.0
0.0
0.0
0.0
0.0
0.0
0.0
0.0
0.0
0.0
0.0
0.0
0.0
0.0
0.0
0.0
0.0
0.0
0.0
0.0
0.0
0.0
0.0
0.0
0.0
0.0
0.0
0.0
0.0
0.0
0.0
0.0
0.0
0.0
0.0
0.0
0.0
0.0
0.0
0.0
0.0
0.0
0.0
0.0
0.0
0.0
0.0
0.0
0.0
0.0
0.0
0.0
0.0
0.0
0.0
0.0
0.0
0.0
0.0
0.0
0.0
0.0
0.0
0.0
0.0
0.0
0.0
0.0
0.0
0.0
0.0
0.0
0.0
0.0
0.0
0.0
0.0
0.0
0.0
0.0
0.0
0.0
0.0
0.0
0.0
0.0
0.0
0.0
0.0
0.0
0.0
0.0
0.0
0.0
0.0
0.0
0.0
0.0
0.0
0.0
0.0
0.0
0.0
0.0
0.0
0.0
0.0
0.0
0.0
0.0
0.0
0.0
0.0
0.0
0.0
0.0
0.0
0.0
0.0
0.0
0.0
0.0
0.0
0.0
0.0
0.0
0.0
0.0
0.0
0.0
0.0
0.0
0.0
0.0
0.0
0.0
0.0
0.0
0.0
0.0
0.0
0.0
0.0
0.0
0.0
0.0
0.0
0.0
0.0
0.0
0.0
0.0
0.0
0.0
0.0
0.0
0.0
0.0
0.0
0.0
0.0
0.0
0.0
0.0
0.0
0.0
0.0
0.0
0.0
0.0
0.0
0.0
0.0
0.0
0.0
0.0
0.0
0.0
