1.8771740198135376
0.3357587158679962
0.032358791679143906
0.475924551486969
0.2814672291278839
0.4307241439819336
0.2397860884666443
0.16034729778766632
0.1475854068994522
0.29855138063430786
2.2271156311035156
0.959039568901062
0.7383313179016113
1.4140079021453857
0.3840582072734833
0.17913660407066345
0.8687618374824524
0.5518885254859924
0.25408288836479187
0.5044761896133423
0.5319600105285645
1.1269556283950806
1.4069101810455322
0.264517217874527
0.33310890197753906
0.6180570125579834
1.1436502933502197
0.5387794375419617
0.4600576162338257
0.38410890102386475
0.5352976322174072
1.2857470512390137
0.6101452112197876
0.5094361305236816
1.270532488822937
0.5827413201332092
0.5948155522346497
2.5038278102874756
0.33966144919395447
0.38261842727661133
0.6184291839599609
1.6831676959991455
0.35464492440223694
0.5266494154930115
0.401028037071228
0.5545481443405151
0.5386208295822144
1.2225868701934814
0.671495258808136
0.7907330989837646
0.6619943976402283
0.8263208270072937
0.9933415055274963
0.7035152912139893
0.5627219676971436
0.6051464080810547
0.9445945024490356
0.8246850967407227
0.550505518913269
0.6179234981536865
0.5869500637054443
1.134819746017456
0.7730002999305725
0.8120086193084717
0.5171716213226318
1.3592487573623657
0.4625746011734009
0.5240281224250793
0.7024591565132141
1.1735739707946777
0.7901475429534912
0.44893908500671387
0.777542233467102
1.9838273525238037
0.3112109303474426
0.555156946182251
0.3461173176765442
0.4522777795791626
0.9858173727989197
0.6315149068832397
0.5422918200492859
0.3431049585342407
0.6983398199081421
0.2857138216495514
0.7878959774971008
0.3220593333244324
0.7662622332572937
0.6778514385223389
0.33780282735824585
1.715641975402832
0.1362226903438568
0.03518340736627579
2.6828439235687256
0.4413279891014099
0.3089684844017029
0.9158977270126343
0.23715005815029144
3.3908917903900146
0.102293960750103
0.7561805248260498
0.798593282699585
0.9739179611206055
0.5983341932296753
0.0907500609755516
0.1741878092288971
0.11195440590381622
1.086060881614685
0.33554399013519287
0.24817681312561035
0.021658286452293396
0.11356297135353088
0.3752811849117279
0.32126903533935547
0.15088209509849548
0.06593567132949829
0.1335555762052536
1.0258859395980835
0.6835402250289917
0.10196737945079803
0.12340403348207474
0.18996085226535797
0.23201194405555725
0.08466878533363342
0.5271986722946167
0.3510110080242157
0.37464550137519836
0.6278181076049805
0.4659450948238373
0.5025335550308228
0.035300448536872864
0.0356844998896122
0.6394939422607422
0.2835884690284729
0.037589073181152344
0.2474166452884674
0.06234085187315941
0.7464686036109924
0.07137927412986755
0.04943211004137993
0.022588135674595833
0.12858593463897705
0.9770420789718628
0.9512948989868164
0.6873584389686584
0.7981414198875427
0.05442006513476372
0.36066287755966187
0.007883260026574135
0.3547796308994293
0.045255035161972046
1.0825719833374023
3.376662254333496
0.558731734752655
0.07466761022806168
0.02320776879787445
0.638592004776001
0.05769461393356323
1.1666474342346191
0.02388685941696167
1.7280441522598267
0.23252049088478088
0.024241166189312935
0.5819470286369324
0.3748006820678711
0.23607024550437927
0.2586008310317993
0.0957806408405304
0.008517575450241566
0.006173134781420231
0.010312147438526154
0.3710971176624298
0.6539251804351807
0.5035405158996582
0.7930852770805359
0.14706462621688843
0.8322030305862427
0.969124972820282
0.7320073246955872
0.026363976299762726
0.018244711682200432
0.013801325112581253
4.290051460266113
0.4235815107822418
0.5023764967918396
0.41526317596435547
0.4314453601837158
0.8164727687835693
0.11048786342144012
0.7676272392272949
0.056540295481681824
0.7618826031684875
0.5033643245697021
1.0766795873641968
0.2846159338951111
0.03635426238179207
0.5646036267280579
0.10882972180843353
0.9443605542182922
0.2176273614168167
0.03727373480796814
0.013242905959486961
0.5275956392288208
0.4398168921470642
0.437595009803772
0.10696577280759811
0.01324772834777832
0.17866459488868713
0.9434607625007629
2.3745243549346924
0.4504949748516083
1.0325767993927002
0.08788338303565979
0.029392091557383537
0.38746002316474915
0.10822289437055588
0.02075985074043274
0.01107504591345787
0.006728643551468849
0.010896013118326664
0.5101229548454285
0.22845560312271118
0.20196139812469482
0.35225141048431396
0.07710036635398865
1.025009036064148
1.804409146308899
0.3192942142486572
5.044492721557617
0.7532999515533447
0.06418512016534805
0.6927230358123779
0.10411088168621063
0.03286874294281006
1.0174320936203003
0.047082945704460144
0.028319621458649635
0.03617497906088829
0.017330985516309738
0.011375676840543747
0.23685836791992188
0.583107054233551
0.16226477921009064
0.2737649083137512
0.7111355662345886
0.04582817852497101
0.7386759519577026
0.48228275775909424
0.5019425749778748
0.369154691696167
0.04488355293869972
0.026152392849326134
0.016651935875415802
0.004701289348304272
0.21414098143577576
0.1289856880903244
0.024136055260896683
0.009912165813148022
0.2873971164226532
0.22150619328022003
0.8186764717102051
0.7796164751052856
0.26140815019607544
0.46670717000961304
0.6739710569381714
0.035680629312992096
0.05119919031858444
0.5660132169723511
0.4530094265937805
0.7279896140098572
0.36984074115753174
0.9767704010009766
0.7226490378379822
0.6324921250343323
0.42250117659568787
0.6065070629119873
0.04362691193819046
0.11720725148916245
0.0029351036064326763
0.4725043773651123
0.7670661211013794
0.2749876081943512
1.612661600112915
0.2728649377822876
0.6782639026641846
1.6464698314666748
0.027434229850769043
0.015110976994037628
0.015268365852534771
0.025403741747140884
0.29954832792282104
2.2436561584472656
0.3430001735687256
0.011278089135885239
0.04414954036474228
0.017014233395457268
0.36265936493873596
0.6035106778144836
0.5624986886978149
0.8114026784896851
0.5620136260986328
0.6548815369606018
0.3844788074493408
0.15187221765518188
0.24686303734779358
1.363034963607788
0.10338494181632996
0.44738152623176575
0.045019134879112244
0.011757833883166313
0.038413383066654205
0.006382533349096775
0.29154568910598755
0.3086821734905243
0.31166499853134155
0.014147024601697922
0.00895010307431221
0.5235544443130493
0.5228298902511597
0.9768975973129272
0.7760165929794312
0.9883492588996887
0.26093706488609314
1.2794535160064697
0.5004708170890808
0.45650815963745117
0.012613455764949322
0.8164980411529541
0.6072087287902832
0.6012638211250305
1.2949434518814087
0.01428947038948536
0.026514442637562752
0.7689545154571533
0.46857860684394836
0.09847499430179596
0.5246741771697998
0.7492000460624695
0.054046232253313065
0.9792734384536743
1.0328682661056519
0.11150814592838287
0.8862370252609253
0.18326303362846375
0.0730665847659111
0.3736770749092102
0.014134330675005913
0.007996127009391785
0.1141103208065033
0.5444822311401367
0.41570383310317993
0.45438283681869507
0.3230349123477936
0.5773899555206299
0.21263909339904785
0.024781247600913048
0.025334574282169342
0.0093765277415514
0.014122488908469677
0.12037505209445953
0.2531746029853821
0.3265255093574524
0.5735087990760803
0.6628102660179138
1.3734235763549805
0.14351271092891693
0.0065139541402459145
0.9319920539855957
0.47675660252571106
0.446676641702652
0.8598161339759827
0.7647985219955444
0.0410962775349617
0.8656411170959473
0.1648436188697815
0.07136570662260056
0.2582632303237915
0.07350770384073257
0.018893640488386154
0.006201598793268204
0.3156887888908386
0.5866737365722656
0.4116780757904053
0.06687057018280029
0.3518420457839966
0.3542754650115967
0.02954263612627983
0.011670509353280067
0.0020662574097514153
0.007466520648449659
0.8184335231781006
0.25349870324134827
0.04308793321251869
0.018955444917082787
0.6966698169708252
0.2779223620891571
0.2596340477466583
0.06098511815071106
0.2726336419582367
0.014693863689899445
0.012146294116973877
0.002135631162673235
0.49566665291786194
0.2014383226633072
0.3793955445289612
0.678685188293457
0.7978076934814453
0.5711429715156555
0.1861845999956131
0.5124315023422241
0.08602659404277802
0.06276260316371918
0.5963630080223083
0.3628290891647339
0.4037877023220062
1.9016841650009155
0.039494164288043976
0.8714886903762817
1.0549342632293701
0.8583834171295166
0.2666287422180176
0.8082042932510376
0.07216383516788483
0.0048290640115737915
0.595536470413208
0.3950098156929016
0.9749550223350525
0.05708085745573044
0.5953245162963867
0.11865773051977158
0.029747216030955315
1.047234296798706
0.5621247887611389
1.2312747240066528
1.5839710235595703
0.6109840273857117
0.0485554039478302
0.7271236181259155
0.5579627752304077
0.5016897916793823
0.012157618068158627
0.00622792262583971
0.0021936106495559216
0.002624457236379385
0.29782888293266296
0.2681700587272644
0.43017610907554626
1.3309921026229858
0.4053693413734436
1.537764549255371
0.5186315774917603
0.44094014167785645
0.556201696395874
1.1563842296600342
0.2600100040435791
0.783382773399353
0.21914948523044586
0.04215546324849129
0.0372113399207592
5.435823917388916
0.70850670337677
0.13595318794250488
0.3414826989173889
0.12488351762294769
0.6645713448524475
0.8954746723175049
0.6872100830078125
0.6372112035751343
0.838851273059845
0.019926944747567177
0.005050864070653915
0.23073725402355194
0.43531477451324463
0.2386525571346283
0.3476148843765259
0.06922250241041183
0.0931151732802391
0.40701255202293396
0.01117944996803999
0.008502477779984474
0.014953135512769222
0.0032263759057968855
1.0742875337600708
0.18138697743415833
0.1758958101272583
0.5548958778381348
0.13374190032482147
0.5090857744216919
0.42594921588897705
0.32320839166641235
0.0022345404140651226
0.7848865985870361
0.49759918451309204
0.3170916438102722
3.8880040645599365
0.8914264440536499
0.03962106630206108
0.6466924548149109
0.5037086606025696
0.47762468457221985
0.5314577221870422
0.04132652282714844
0.014117497950792313
0.37321990728378296
0.4765510559082031
0.21362724900245667
0.20232121646404266
0.9077910780906677
1.1200199127197266
0.6544529795646667
0.5442934036254883
0.7675409913063049
0.01640021614730358
0.6317671537399292
0.6125219464302063
0.03300691023468971
0.3740292489528656
0.015363654121756554
0.8969039916992188
0.5437925457954407
0.7296210527420044
0.27886176109313965
0.4677658975124359
0.015302138403058052
0.0057955519296228886
0.5040488243103027
0.29763588309288025
0.9312095046043396
0.2513206899166107
0.01678428053855896
0.40966421365737915
0.13937485218048096
0.6559042930603027
0.48878213763237
0.004966660402715206
0.011082465760409832
0.007206139154732227
0.008333653211593628
0.0003511267132125795
0.002201913157477975
0.006701741833239794
0.054289668798446655
0.27701324224472046
0.1894911378622055
0.1834210753440857
0.1406450867652893
0.18801479041576385
0.48350778222084045
0.3945271670818329
0.4276982545852661
0.5141570568084717
0.5526713728904724
0.4072055518627167
0.04687859117984772
0.8568809628486633
0.6553560495376587
0.8242942094802856
0.602380633354187
0.1146213710308075
0.017946511507034302
0.009877322241663933
0.017157409340143204
0.2622333765029907
0.30731844902038574
3.143892765045166
1.9450234174728394
0.5419044494628906
0.5492528676986694
0.15690159797668457
0.17716598510742188
0.0192593801766634
0.0165962316095829
0.34939244389533997
0.43395617604255676
0.4571489989757538
0.24024167656898499
0.37854817509651184
0.3457077443599701
0.39999258518218994
0.557396411895752
0.3674425184726715
0.3857567310333252
0.45450472831726074
0.1634255051612854
0.029648201540112495
0.01100444607436657
0.26073989272117615
0.251712441444397
0.20851080119609833
0.25075894594192505
0.04014100879430771
0.004432966932654381
0.5193125009536743
0.22463203966617584
0.26995331048965454
0.3247544765472412
0.0558493547141552
0.4629477262496948
0.028585154563188553
0.38874876499176025
0.08285477012395859
0.2868785858154297
0.03536296263337135
0.008248388767242432
0.4014136493206024
0.39509350061416626
0.23419597744941711
6.109196186065674
0.7318283915519714
0.404233455657959
0.3011190593242645
0.1180850937962532
0.04243245720863342
0.5053892135620117
0.3776111602783203
1.5545908212661743
1.1920582056045532
0.5846447348594666
0.031286247074604034
0.4512832760810852
0.4511583149433136
0.8169873952865601
0.04453958943486214
0.6944844722747803
0.1822570562362671
0.550284206867218
0.43272900581359863
0.4514104425907135
0.16194559633731842
0.4606155455112457
0.05984247475862503
0.007966581732034683
0.004311191849410534
0.5640662908554077
0.23247617483139038
0.3775317370891571
0.3199622333049774
0.6519991755485535
0.12033410370349884
0.17948246002197266
0.3904985785484314
0.4842650294303894
0.01659131795167923
0.6178084015846252
0.4658842980861664
0.6205901503562927
0.5559515953063965
0.9351300597190857
0.7129009962081909
0.9054820537567139
0.13732585310935974
0.8921201229095459
1.3841758966445923
0.3486682176589966
1.3588207960128784
0.1794082522392273
0.0075782472267746925
0.004032309167087078
0.01981092430651188
0.3073611855506897
0.4488458037376404
0.26985979080200195
7.64345121383667
0.4363439679145813
0.24003854393959045
0.5927995443344116
0.17737089097499847
0.039598848670721054
0.008904017508029938
0.10155584663152695
0.3986663222312927
0.32470476627349854
0.08585599064826965
0.2920987606048584
0.10889342427253723
0.02974921092391014
0.2524949014186859
0.33539116382598877
0.03382517024874687
0.020196665078401566
0.3595319986343384
0.35802122950553894
0.2656928300857544
0.5968424081802368
0.29331105947494507
0.030116494745016098
1.2955561876296997
0.7760493755340576
2.991158962249756
1.7661324739456177
0.021786052733659744
0.018006378784775734
0.01164624746888876
0.011489448137581348
0.2165195792913437
0.2445639967918396
1.126305341720581
0.026212282478809357
0.6271997690200806
0.013645391911268234
0.5085369348526001
0.24397292733192444
0.2528409957885742
0.18005795776844025
0.4431260824203491
0.8111395239830017
0.5316526889801025
0.2899707853794098
0.021946746855974197
0.3905330002307892
0.3234284520149231
0.05346633121371269
0.020182203501462936
5.332822322845459
0.8406195640563965
0.3808666467666626
0.47380179166793823
0.12266567349433899
0.011541804298758507
0.5655910968780518
0.48439982533454895
0.04162413999438286
0.27171334624290466
0.009504597634077072
0.0021761199459433556
0.003997663035988808
0.3161470293998718
0.3535609543323517
0.04860454052686691
0.47887587547302246
0.6548683047294617
0.9804442524909973
0.2614685893058777
0.0892259031534195
0.4702073931694031
0.7139092683792114
0.6922099590301514
0.7518818378448486
0.3996594548225403
0.09735819697380066
0.01637512445449829
0.8339566588401794
0.3655938506126404
0.581143856048584
0.014215572737157345
0.26789191365242004
0.21318913996219635
0.14158371090888977
0.07693824172019958
0.01077241636812687
0.0033922670409083366
0.0049065640196204185
0.2101689726114273
0.3995836079120636
0.08329056203365326
0.40865764021873474
0.20560073852539062
0.03727474808692932
0.01272117905318737
1.1910384893417358
0.487138569355011
0.031302064657211304
0.012509256601333618
0.00475902296602726
0.004241729620844126
0.006108468864113092
0.0017260650638490915
0.0027279097121208906
0.006379835307598114
0.03191035985946655
0.058708205819129944
0.07784955203533173
0.43075597286224365
0.29689258337020874
0.19367653131484985
0.18890954554080963
0.22792738676071167
0.4214358925819397
0.4215255677700043
3.9322102069854736
0.06032455712556839
1.0391229391098022
0.4177129864692688
0.3571293354034424
0.016108915209770203
8.9190034866333
0.600924015045166
0.45498839020729065
0.16542458534240723
0.2187536060810089
0.17467579245567322
0.03781040012836456
0.0064165364019572735
0.12083467096090317
0.015567637979984283
0.01836518943309784
0.09291423112154007
0.11013946682214737
0.39903876185417175
0.4685068130493164
0.9067510366439819
0.38977813720703125
0.26949024200439453
0.7960383892059326
0.0829591304063797
0.017921924591064453
0.0022748245391994715
0.01948082447052002
0.009327519685029984
0.0032217376865446568
0.004855366889387369
0.21796326339244843
0.2712092697620392
0.14501109719276428
0.13957296311855316
0.22284948825836182
0.2492775321006775
0.2622916102409363
0.42326050996780396
0.2393241822719574
3.759204149246216
0.3607945442199707
0.10212913155555725
2.3963005542755127
0.1293068528175354
0.22938545048236847
0.6273223757743835
0.04718267172574997
0.07379976660013199
0.39283475279808044
0.07858824729919434
0.11669453978538513
0.005440210457891226
0.023800576105713844
0.001460046973079443
0.005867312662303448
0.006609146483242512
0.008736426942050457
0.0017584702000021935
0.20795530080795288
0.12244275957345963
0.17192944884300232
0.059324782341718674
0.20922242105007172
0.14389459788799286
0.35584205389022827
0.1088005006313324
0.22039693593978882
0.5109938979148865
0.45566433668136597
0.0667831152677536
0.5993931889533997
0.38463976979255676
0.06252872198820114
0.6075863838195801
0.2584213614463806
0.6587579250335693
0.43987226486206055
0.21001070737838745
0.5752081871032715
0.049672409892082214
0.06733600795269012
0.25206416845321655
0.4876464307308197
0.38675791025161743
0.055200058966875076
0.012763174250721931
0.2801882326602936
0.1925814151763916
0.1875452995300293
0.2563072144985199
0.6636017560958862
0.7051997184753418
0.11639686673879623
0.016180194914340973
0.4589011073112488
0.4761885404586792
0.11120828241109848
0.24014122784137726
0.745585560798645
0.35176530480384827
1.0038950443267822
0.015962067991495132
0.012169111520051956
0.2911345362663269
0.06918008625507355
0.4963645935058594
0.42875364422798157
0.15952497720718384
0.29907041788101196
0.9579209685325623
0.04073421657085419
0.02629423700273037
0.7145663499832153
0.3729288578033447
0.13919219374656677
0.3334035575389862
0.33718669414520264
0.31873437762260437
0.017088938504457474
1.0507996082305908
0.6381909847259521
0.22992032766342163
0.520176112651825
0.38017088174819946
0.5966958999633789
0.5178216099739075
0.22873401641845703
0.013271905481815338
0.2661832571029663
0.19475597143173218
0.01769796386361122
2.068572521209717
0.7465988993644714
0.3525766134262085
0.4500584304332733
0.05243251100182533
0.016582954674959183
0.394135445356369
0.20926982164382935
0.03809406980872154
0.024484271183609962
0.09326393902301788
0.16690446436405182
0.061476629227399826
0.554713249206543
0.4256916344165802
0.2047487497329712
0.3737989068031311
0.4573945999145508
0.5171344876289368
0.1421801894903183
0.017469387501478195
0.02198261395096779
0.0018188362009823322
0.14432580769062042
0.22390992939472198
0.039127472788095474
0.6135054230690002
0.1462962031364441
0.3386772871017456
0.006871035322546959
0.1761561930179596
0.5448674559593201
0.006975740194320679
0.0061103240586817265
0.004256626591086388
0.6604464054107666
0.31232815980911255
0.2598870098590851
0.17196351289749146
0.07842152565717697
0.026832684874534607
0.014214162714779377
0.004974310752004385
0.0044101690873503685
0.003350603859871626
0.01189778558909893
0.004654561635106802
0.08023668825626373
0.07255285233259201
0.47384023666381836
0.2725135087966919
0.1493881195783615
0.26000159978866577
0.1091235801577568
0.23292207717895508
0.033206529915332794
0.6989325284957886
0.158538818359375
0.18466798961162567
0.051208045333623886
0.1931532472372055
0.2224644273519516
0.4385005235671997
0.09265106916427612
0.47014981508255005
0.045812394469976425
0.15887019038200378
0.028150688856840134
0.19576530158519745
0.7452589273452759
0.014177607372403145
0.16632062196731567
0.25085586309432983
0.47977662086486816
0.02320059761404991
0.015159758739173412
0.010772833600640297
0.16873757541179657
0.2207110971212387
0.2782266438007355
0.1874752640724182
0.08496049046516418
0.6007405519485474
0.35351502895355225
0.2691860496997833
0.011251346208155155
0.017752988263964653
0.18345455825328827
0.3679555654525757
2.5654993057250977
0.06931573152542114
0.0700724720954895
0.1528182327747345
0.2881452739238739
0.2800980508327484
0.22716468572616577
0.016137516126036644
0.003406971925869584
0.0032081259414553642
0.008470922708511353
0.0019781221635639668
0.040095265954732895
0.18179431557655334
0.10211503505706787
0.3804139494895935
0.24611876904964447
0.024807380512356758
0.31722554564476013
2.3931148052215576
0.13377335667610168
0.030977150425314903
0.009626271203160286
0.007441558875143528
0.010317492298781872
0.013013496063649654
0.0019032445270568132
0.008053367957472801
0.0016933016013354063
0.044317349791526794
0.008865638636052608
0.0009542001062072814
0.07112904638051987
0.14985202252864838
0.1053718701004982
0.38338983058929443
0.22846725583076477
0.1252421736717224
0.15027868747711182
0.2217111736536026
0.14419569075107574
0.3341819643974304
0.11401892453432083
1.072596549987793
0.14692488312721252
0.009353305213153362
0.011422221548855305
0.006718826945871115
0.004772594198584557
9.590179443359375
0.37666869163513184
0.2972926199436188
0.14998194575309753
0.5367394089698792
0.548041820526123
0.232929989695549
0.3944210112094879
0.2843400537967682
0.10179533809423447
0.4316887855529785
2.3271448612213135
0.24905888736248016
0.2649030089378357
0.16341789066791534
0.7479485869407654
0.5021957159042358
0.040432289242744446
0.020726080983877182
0.262943297624588
0.14186158776283264
0.00838029757142067
0.2988467216491699
1.1245486736297607
0.07088363915681839
0.051544852554798126
0.016707532107830048
0.5153451561927795
0.2445693165063858
0.006643733941018581
0.1428808569908142
0.017181819304823875
1.2080167531967163
0.32430362701416016
0.37486502528190613
0.33031561970710754
0.10321056842803955
0.041739560663700104
0.011497129686176777
0.0006699376390315592
0.10959579795598984
0.011950526386499405
0.011442049406468868
0.0825793445110321
0.6366480588912964
0.17971549928188324
0.16619440913200378
0.21019117534160614
0.14529851078987122
0.02498488686978817
0.5712946057319641
0.5386347770690918
0.47260281443595886
0.04549209773540497
0.0060879625380039215
0.5098430514335632
0.06441158801317215
0.11044327914714813
0.28829991817474365
0.17551875114440918
0.16982367634773254
0.0914589986205101
0.004108508583158255
0.0012549059465527534
0.0025907556992024183
0.0063996994867920876
0.1591828465461731
0.07135364413261414
0.03134380280971527
0.10688525438308716
0.37512606382369995
0.4497150480747223
0.05550059676170349
0.37042349576950073
0.014088433235883713
0.07902126759290695
0.3800011873245239
0.21030712127685547
0.027004234492778778
0.0170911718159914
0.17021681368350983
0.23720166087150574
1.0478508472442627
0.5348645448684692
0.4133574068546295
0.2032528817653656
0.005420580040663481
0.01515484880656004
0.005738275125622749
0.4982333481311798
0.1342167854309082
0.16501672565937042
0.10599404573440552
0.03351933881640434
0.003629155457019806
0.2824997007846832
0.23258966207504272
0.3851749897003174
0.37270209193229675
0.22390149533748627
0.18313083052635193
0.5224325060844421
0.013821171596646309
0.005701358430087566
0.26995396614074707
0.3559611141681671
0.31401363015174866
0.5723273158073425
0.5648188591003418
0.12056711316108704
0.03964762017130852
0.010118216276168823
0.013587964698672295
0.423034131526947
0.45584845542907715
0.25701627135276794
0.4083888828754425
4.443618297576904
0.848077654838562
0.8542135953903198
0.11159024387598038
0.21599180996418
0.005894751287996769
0.375124454498291
0.24936561286449432
0.22152754664421082
0.05089269205927849
0.32610785961151123
0.08971020579338074
0.008658897131681442
0.017790604382753372
0.006528847385197878
0.0020659305155277252
0.0035957740619778633
0.0008030551834963262
2.0372109413146973
0.09540115296840668
0.4944612681865692
0.21689258515834808
0.27405402064323425
0.30486762523651123
0.06871815025806427
0.505290150642395
1.7162095308303833
0.17480579018592834
0.029633458703756332
0.3251604437828064
0.15543290972709656
0.14005149900913239
1.118247389793396
0.01276681199669838
0.013188947923481464
0.011562399566173553
0.19435152411460876
0.41176503896713257
0.007072998210787773
0.44913631677627563
0.315043181180954
2.489500045776367
0.1890336126089096
0.013582933694124222
0.23720085620880127
0.5716819763183594
0.008252372965216637
0.3443611264228821
0.44101306796073914
0.2326696813106537
0.11995740234851837
0.02756515145301819
0.010750938206911087
0.008621599525213242
0.0043342760764062405
0.18287700414657593
0.35547104477882385
0.1633131504058838
0.14579492807388306
0.018878262490034103
0.1678570806980133
0.4646446108818054
0.1248888224363327
0.8716822862625122
0.547892153263092
0.17479859292507172
0.02810627780854702
0.005546559114009142
0.007337569259107113
1.3655788898468018
0.5275251269340515
0.17047828435897827
0.5060532093048096
0.011108694598078728
0.22268351912498474
0.03481417894363403
0.014056939631700516
0.27721738815307617
0.18520942330360413
0.34041666984558105
0.1699809581041336
0.2985522747039795
0.5385884046554565
0.0361664704978466
0.24120387434959412
0.03530062362551689
0.42157962918281555
0.11069168150424957
0.050385814160108566
0.04013759642839432
0.0057275681756436825
0.0025898953899741173
1.0944335460662842
0.18753866851329803
0.2830878794193268
0.40312260389328003
0.3334859311580658
0.017671912908554077
0.010831045918166637
0.008536132052540779
0.004718247801065445
0.011719197034835815
0.00229962938465178
0.0025157923810184
0.0013475921005010605
0.0008333075675182045
0.007194023113697767
0.19696259498596191
0.10927368700504303
0.13483469188213348
0.05992768704891205
0.24853429198265076
0.4998428523540497
0.1731916069984436
0.2257951945066452
0.13661497831344604
0.8653485774993896
0.527228832244873
0.23835313320159912
0.16692572832107544
0.0405215322971344
0.003927019890397787
0.7106834650039673
0.5683982372283936
0.22144630551338196
0.4046902656555176
0.13712263107299805
0.4384918808937073
0.033739782869815826
0.17567501962184906
0.24602201581001282
0.062496431171894073
0.14583319425582886
0.33133724331855774
0.005657511297613382
0.40343472361564636
0.3151741921901703
0.010777289047837257
0.005118651315569878
0.0025657941587269306
0.0013634394854307175
0.0017184328753501177
0.005438017658889294
0.23219025135040283
0.24122586846351624
0.4445708990097046
0.3218899071216583
0.41387471556663513
0.20903876423835754
0.18940848112106323
1.6097192764282227
0.24091924726963043
0.3195289671421051
0.13855652511119843
0.21807441115379333
0.16939222812652588
0.12446977198123932
0.1136142909526825
0.09333613514900208
0.04964307323098183
0.6713141202926636
0.13752895593643188
0.018278371542692184
0.1973051130771637
0.019387194886803627
0.00633278489112854
0.015811393037438393
0.3180435001850128
0.17458495497703552
0.19328421354293823
0.7778918743133545
0.11028748750686646
0.02417350746691227
0.3485282063484192
0.2798748016357422
0.240616574883461
0.06705278903245926
0.3700362741947174
1.3625268936157227
0.13373348116874695
0.09879034012556076
0.0026930170133709908
0.31694722175598145
0.7063245177268982
0.020136626437306404
0.21536199748516083
0.2045949399471283
0.025629909709095955
0.1681642234325409
0.016525965183973312
0.20461320877075195
0.05837714299559593
0.04223429784178734
0.12244042754173279
0.06591415405273438
0.2694709897041321
0.07118938863277435
0.007313372101634741
0.010517255403101444
0.2925504744052887
0.14034503698349
0.353982150554657
0.6385329961776733
0.19880759716033936
0.04817981645464897
0.006654725410044193
0.009688076563179493
0.00918673351407051
0.2751210927963257
0.15953142940998077
0.021183980628848076
0.40626728534698486
0.17522764205932617
0.008184889331459999
0.0015242327935993671
0.0016508505214005709
0.27984702587127686
0.4113558232784271
0.12231405079364777
0.029639150947332382
0.21317614614963531
0.18922607600688934
1.387201189994812
0.2584547698497772
0.32666170597076416
0.03371823579072952
