6.970940589904785
29.29434585571289
12.639312744140625
8.520827293395996
4.172397613525391
7.294540882110596
5.893681049346924
5.008557319641113
4.185301780700684
5.45636510848999
2.5591235160827637
3.52242374420166
10.33185863494873
3.6663382053375244
5.988455772399902
6.209313869476318
5.445926189422607
2.4572694301605225
4.228870868682861
3.604818344116211
5.149263858795166
1.9870736598968506
9.040900230407715
3.8903627395629883
3.919172763824463
5.133031845092773
8.47563648223877
3.7058889865875244
3.2023329734802246
2.9901773929595947
3.239384412765503
4.283647060394287
5.4340434074401855
3.105947256088257
5.4431939125061035
4.32868766784668
2.8163111209869385
1.9350677728652954
3.777440071105957
3.307612419128418
2.653228759765625
0.5627743601799011
3.2714967727661133
4.101536750793457
4.093763828277588
2.2927074432373047
2.5044238567352295
4.71958065032959
4.810321807861328
3.108731746673584
3.6591224670410156
1.7936795949935913
1.3165868520736694
2.113617181777954
2.013096809387207
3.5606534481048584
4.0375518798828125
3.900162696838379
2.9712367057800293
3.482748508453369
3.253934860229492
1.5389020442962646
1.9789577722549438
3.452061414718628
3.714120864868164
0.7486139535903931
2.7771031856536865
2.464841365814209
4.734581470489502
2.812828540802002
3.5214455127716064
3.3076395988464355
1.5576118230819702
6.347712993621826
2.6989543437957764
2.5775949954986572
2.8254122734069824
2.9918723106384277
1.1653780937194824
2.5294041633605957
4.201462745666504
4.470124244689941
2.734903573989868
4.711361408233643
3.6606576442718506
5.0577073097229
4.38408088684082
0.25468096137046814
3.617828845977783
0.6934425234794617
4.132889747619629
4.401973724365234
0.5030266046524048
3.595207691192627
3.8274283409118652
1.881831169128418
3.2900142669677734
0.17445360124111176
3.989142656326294
2.8848726749420166
2.094419240951538
1.1831257343292236
2.4737300872802734
3.683899164199829
3.5345163345336914
3.737661838531494
2.5127358436584473
3.785740375518799
2.713996648788452
6.05792760848999
5.680716514587402
3.413727283477783
3.510727882385254
4.627596378326416
3.972095489501953
3.906489372253418
1.0319744348526
1.66435968875885
3.7467222213745117
3.4131603240966797
7.750948905944824
2.5655274391174316
3.253753185272217
1.4845044612884521
3.6018142700195312
4.301888465881348
2.1875438690185547
2.355522871017456
3.2265782356262207
5.151976585388184
4.50436544418335
0.998614490032196
4.579728126525879
4.062374591827393
4.640486717224121
5.306887626647949
2.2543785572052
3.795837879180908
4.973205089569092
4.890743255615234
6.788688659667969
1.1922063827514648
2.8583922386169434
2.856657028198242
2.7545621395111084
4.882721424102783
4.864373207092285
6.336553573608398
5.256730556488037
4.413817882537842
2.8583626747131348
0.6404068470001221
2.2066853046417236
4.054981708526611
7.736888885498047
3.2618370056152344
4.64311408996582
1.842938780784607
5.406001091003418
0.07807621359825134
2.6829986572265625
5.706042289733887
3.4633889198303223
2.3110761642456055
5.520012378692627
2.1797525882720947
4.296395301818848
8.382741928100586
6.345232009887695
5.937303066253662
11.096137046813965
1.683734655380249
3.4855971336364746
4.557894229888916
3.5147619247436523
3.273531913757324
5.441401958465576
1.7703075408935547
4.934849739074707
7.906017780303955
5.44945764541626
0.3543233275413513
3.3082525730133057
2.2991960048675537
3.1654980182647705
2.7821614742279053
1.112370491027832
4.352630615234375
0.9493464827537537
4.423002243041992
2.619931697845459
2.9156835079193115
3.2813925743103027
3.3886423110961914
4.604933738708496
3.478379487991333
4.379556179046631
3.547527313232422
4.778557777404785
4.6955461502075195
5.715923309326172
2.400214672088623
2.9311671257019043
2.0419421195983887
3.791991710662842
5.001412391662598
5.712442398071289
3.8834099769592285
5.32359504699707
3.4297947883605957
3.7718987464904785
4.2879438400268555
4.564148902893066
3.7225942611694336
4.574859142303467
8.007211685180664
8.410154342651367
9.59061336517334
8.236315727233887
4.0348286628723145
5.074552536010742
5.436193466186523
6.678224563598633
5.162487030029297
1.8581953048706055
1.650130271911621
2.589195728302002
9.353260040283203
3.3617446422576904
4.803984642028809
4.174698829650879
3.563668966293335
4.539155006408691
1.1034505367279053
3.7407946586608887
5.941896438598633
5.0547075271606445
5.532155513763428
6.608789920806885
3.7608590126037598
2.531475067138672
4.035071849822998
2.462693452835083
2.8772811889648438
4.942559242248535
2.204204797744751
3.7087972164154053
1.9552878141403198
2.646583080291748
7.493022918701172
4.895820617675781
11.5888090133667
7.373903751373291
3.3614959716796875
3.859370231628418
5.678958892822266
5.682426452636719
3.638873815536499
5.179944038391113
1.9348249435424805
3.1244592666625977
3.1743147373199463
1.9561758041381836
2.416107177734375
4.824560642242432
4.227295875549316
1.4780699014663696
3.3739700317382812
0.07001247256994247
4.600555419921875
1.8106327056884766
2.1335957050323486
2.6770546436309814
2.956808567047119
1.9345080852508545
5.342026710510254
4.010531902313232
6.995667457580566
3.2363781929016113
4.950894832611084
3.688638687133789
9.976875305175781
4.197690963745117
2.227365016937256
7.737922668457031
4.98653507232666
5.3611040115356445
7.795022964477539
5.395346164703369
3.329756259918213
2.0902068614959717
3.2005763053894043
6.467339992523193
7.43015193939209
5.489725112915039
3.1020140647888184
2.027768850326538
3.0856471061706543
3.0157017707824707
3.520793914794922
4.612606525421143
2.549931049346924
3.9504966735839844
3.3013229370117188
7.6861162185668945
4.868452072143555
3.210472583770752
4.753170967102051
5.479781150817871
7.3240275382995605
6.155990123748779
2.892022132873535
2.9675726890563965
3.623687744140625
5.813068389892578
6.357068061828613
2.1297359466552734
3.926435708999634
1.248448133468628
4.0791730880737305
1.9539363384246826
3.4213643074035645
0.5181920528411865
2.7434539794921875
4.176400184631348
7.256481170654297
1.7217665910720825
2.596466064453125
5.9301252365112305
8.489513397216797
5.7170915603637695
5.185579776763916
3.742659091949463
4.040390491485596
4.159712791442871
1.8389453887939453
3.115572929382324
4.143496990203857
1.504986047744751
1.4422895908355713
4.226690769195557
1.1744575500488281
3.255598545074463
4.378584861755371
3.0617613792419434
7.33430814743042
7.233811378479004
4.057759761810303
2.3182730674743652
2.363894462585449
2.7973740100860596
5.160987377166748
4.1529388427734375
4.931916236877441
4.88435173034668
5.265120506286621
8.234411239624023
10.12763500213623
9.566246032714844
3.194382429122925
2.5727181434631348
5.164994239807129
5.3196210861206055
7.8334150314331055
3.3015098571777344
6.404573917388916
3.534799575805664
2.408334970474243
4.588636875152588
1.5487074851989746
1.6948010921478271
4.946700572967529
4.090854167938232
2.5910143852233887
4.383033752441406
3.4846110343933105
4.601085186004639
5.939287185668945
7.327828884124756
4.291352272033691
2.0034501552581787
2.469348430633545
4.668768882751465
8.036866188049316
3.978227138519287
5.968768119812012
5.790609836578369
7.662059783935547
6.851495742797852
6.726994514465332
3.138984441757202
4.9332990646362305
5.679719924926758
6.092909812927246
3.1666512489318848
3.512334108352661
5.221013069152832
2.7481729984283447
5.516815185546875
6.577049255371094
7.344449996948242
2.075298309326172
4.466237545013428
3.6172971725463867
2.406982898712158
1.8142693042755127
3.465956211090088
2.9952893257141113
3.294699192047119
4.502859115600586
3.9485554695129395
3.3885984420776367
2.8727200031280518
4.054980278015137
7.879561424255371
4.970649719238281
5.441372871398926
0.8313482999801636
6.470574378967285
3.8542122840881348
1.106101632118225
3.6915082931518555
6.314493179321289
8.81527328491211
2.198185682296753
9.503913879394531
4.472756862640381
1.3913592100143433
4.642342567443848
5.123259544372559
2.2250776290893555
2.6191039085388184
1.1845176219940186
4.20848274230957
2.1671082973480225
4.6238226890563965
1.1119444370269775
2.3125381469726562
2.8542003631591797
5.252078056335449
7.511850357055664
8.75820255279541
6.877315998077393
3.469306230545044
2.9459757804870605
2.8015551567077637
4.985227108001709
2.820779323577881
4.72442102432251
2.6383867263793945
4.111650466918945
3.3268799781799316
4.1222124099731445
5.605817794799805
2.297884464263916
5.568924427032471
4.27092170715332
4.253391742706299
0.02055550552904606
4.928264617919922
5.29416561126709
3.983823299407959
3.776991367340088
3.4640862941741943
3.880030870437622
2.4855899810791016
3.2198357582092285
1.8277907371520996
6.510006427764893
5.866175174713135
3.4906859397888184
3.7551791667938232
3.1808512210845947
2.5044331550598145
4.6101884841918945
5.6800689697265625
3.839240312576294
8.323554039001465
8.527179718017578
7.6021270751953125
6.593476295471191
8.35555362701416
4.659658908843994
4.114729404449463
2.3056535720825195
3.55484938621521
3.1156885623931885
7.050999641418457
4.283507347106934
8.909378051757812
4.428501129150391
3.6998376846313477
2.846750497817993
1.0867297649383545
2.3427767753601074
6.384321212768555
1.4821454286575317
2.126840591430664
2.6666741371154785
2.728429079055786
4.463554382324219
5.326128959655762
3.6711905002593994
2.573136568069458
2.976961374282837
3.995741844177246
1.097154140472412
1.4944409132003784
3.2906155586242676
2.6304540634155273
0.9487539529800415
5.576841354370117
3.5246708393096924
2.3717710971832275
4.915667533874512
1.9645721912384033
5.390043258666992
1.2997647523880005
2.49271821975708
2.141590118408203
2.982654571533203
3.3843870162963867
5.3647661209106445
6.049823760986328
1.8187211751937866
3.8470406532287598
1.3660366535186768
2.5056536197662354
5.482381820678711
3.189535140991211
3.3714699745178223
3.954397201538086
2.5630598068237305
6.294894695281982
7.387333869934082
5.901254653930664
5.74956750869751
9.705078125
7.274360179901123
8.076681137084961
5.046501159667969
3.175493001937866
6.302089691162109
3.671419620513916
4.115327835083008
4.953976631164551
2.885345458984375
3.5029592514038086
3.51792573928833
2.692005157470703
4.7416839599609375
2.2910070419311523
4.285931587219238
2.3451931476593018
3.1972148418426514
4.714527130126953
2.0262463092803955
3.8971643447875977
5.774319648742676
9.213711738586426
5.337944030761719
3.7277121543884277
3.951792001724243
1.3046860694885254
5.2552337646484375
3.002898693084717
2.3513083457946777
3.883929967880249
5.841519355773926
5.617595672607422
9.44363784790039
3.52543044090271
2.0637800693511963
4.138637542724609
2.868532180786133
3.3436994552612305
2.389925479888916
2.9567441940307617
1.8453233242034912
4.286063194274902
2.548050880432129
1.0189707279205322
4.095176696777344
4.4866509437561035
5.822063446044922
2.654773473739624
2.684267044067383
4.505990982055664
2.979660987854004
4.444927215576172
7.801627159118652
2.937314748764038
3.1537084579467773
2.7799758911132812
3.2107160091400146
5.85653018951416
3.614222526550293
4.954310417175293
2.5284924507141113
5.515936851501465
4.844093322753906
5.268993377685547
7.411027908325195
3.5175981521606445
4.036324501037598
2.002232551574707
1.1967012882232666
1.5721409320831299
3.432668685913086
3.139392852783203
4.202955722808838
5.4320173263549805
2.0501363277435303
4.643957138061523
6.902587413787842
1.0239914655685425
2.1587955951690674
4.934206008911133
3.4135613441467285
1.9935818910598755
3.7846975326538086
5.179117679595947
4.372664451599121
3.2620651721954346
3.3081233501434326
2.2513842582702637
3.69819712638855
7.498313903808594
2.810699462890625
5.085391998291016
6.29753303527832
9.67624568939209
2.1840415000915527
3.430424213409424
3.9314136505126953
2.42687726020813
2.0171566009521484
4.097759246826172
3.3577487468719482
3.242959976196289
3.3439507484436035
6.505261421203613
1.0978935956954956
2.298353910446167
2.074551820755005
3.309185743331909
3.170907497406006
1.6277499198913574
2.3344337940216064
5.985904216766357
1.9972381591796875
0.5518754720687866
2.338174819946289
3.8774795532226562
3.3543620109558105
5.9531450271606445
6.732338905334473
6.471184253692627
3.220564842224121
1.8504927158355713
3.7160849571228027
4.271450042724609
2.7549495697021484
3.1495511531829834
2.8705036640167236
3.3216054439544678
5.287418365478516
7.301109313964844
4.126675605773926
4.340178489685059
3.159830331802368
5.435256004333496
2.8505613803863525
4.652241230010986
5.182704448699951
4.299747467041016
3.725950241088867
5.540492534637451
5.359855651855469
4.495810031890869
4.2042999267578125
3.3128271102905273
1.7935127019882202
3.0980048179626465
5.231616973876953
4.622509002685547
2.3783092498779297
8.600855827331543
6.149166584014893
5.148405075073242
6.943096160888672
6.072771072387695
9.392454147338867
2.512136936187744
3.130781650543213
1.615046501159668
5.287723064422607
5.0078582763671875
5.236268520355225
3.8658761978149414
4.550318241119385
1.8042404651641846
2.950021743774414
4.002882957458496
10.210357666015625
2.850322723388672
2.8756749629974365
5.38599967956543
2.180722713470459
2.5099005699157715
4.457428455352783
6.3498735427856445
4.344686031341553
3.824038505554199
3.2244486808776855
2.9250597953796387
4.033944129943848
6.025812149047852
4.586978912353516
3.1401479244232178
4.595159530639648
4.082304000854492
7.212787628173828
7.454047679901123
6.725897789001465
3.438842296600342
2.164693832397461
4.8656206130981445
3.4497597217559814
2.1732048988342285
4.294489860534668
3.168489933013916
4.458586692810059
2.2154886722564697
3.7189602851867676
1.9368069171905518
1.782571792602539
3.369041919708252
4.191904544830322
5.662640571594238
3.278604030609131
4.306431770324707
3.534318685531616
5.513205051422119
4.422054767608643
3.714907169342041
3.5571165084838867
5.239254951477051
6.0646257400512695
7.364430904388428
6.939282417297363
3.0866942405700684
4.1063127517700195
4.201874732971191
1.812451958656311
3.855443000793457
4.75776481628418
6.5316338539123535
3.416421413421631
4.18185567855835
4.895907878875732
5.58683967590332
7.102904319763184
7.069756507873535
6.035393714904785
9.668051719665527
9.227370262145996
6.581228256225586
6.744672775268555
4.860429763793945
4.0871262550354
3.8045074939727783
3.9217045307159424
4.092806816101074
3.6595470905303955
3.9281716346740723
3.307990074157715
3.167246103286743
1.5123319625854492
4.968081951141357
2.810303211212158
2.0164268016815186
3.450594186782837
6.15216064453125
6.416392803192139
4.121743202209473
2.0895767211914062
4.720181465148926
3.7250077724456787
3.203850507736206
5.170400619506836
6.110307693481445
4.138941764831543
5.0191850662231445
6.465277671813965
7.390111446380615
4.005698204040527
3.0389952659606934
2.5392954349517822
2.7043046951293945
3.04646635055542
3.0911033153533936
1.990548849105835
4.370884895324707
5.789535045623779
7.129306793212891
5.954965591430664
9.063234329223633
7.223719596862793
6.543369770050049
4.576879501342773
3.8830177783966064
4.902253150939941
4.656993865966797
4.094676494598389
3.362570285797119
3.8247478008270264
2.1923396587371826
3.2726540565490723
7.197732925415039
2.4263176918029785
5.575201034545898
8.135869979858398
3.5965099334716797
4.70878791809082
2.955165386199951
4.737774848937988
4.447246551513672
5.213901996612549
3.623100757598877
4.976758003234863
8.177419662475586
7.310242652893066
7.7574028968811035
7.6458587646484375
6.256533622741699
6.367615222930908
11.777873039245605
3.6766436100006104
3.8128013610839844
3.814772367477417
4.558788299560547
3.032116174697876
4.343019008636475
4.438501834869385
3.545715808868408
4.748703956604004
5.7371439933776855
6.805270671844482
6.901747703552246
1.053683876991272
4.321533203125
4.28866720199585
4.276181221008301
3.6591787338256836
2.862043857574463
2.5233097076416016
3.4889566898345947
3.4492154121398926
4.979790687561035
6.741763114929199
4.106563568115234
2.0330138206481934
4.152892589569092
5.091302871704102
5.875910758972168
3.7270798683166504
5.112526893615723
3.5036516189575195
2.278714418411255
5.503260135650635
2.026711940765381
4.580853462219238
5.480982780456543
3.463710308074951
3.152113914489746
3.916044235229492
4.14028263092041
0.9188867211341858
3.1481804847717285
8.937410354614258
5.742259979248047
6.5491743087768555
3.499293088912964
4.937444686889648
3.0469303131103516
2.171881675720215
4.930968284606934
2.5176267623901367
4.806769371032715
4.557591438293457
5.10965633392334
2.3384461402893066
3.374659299850464
4.034717559814453
2.4000720977783203
6.059606075286865
2.4766812324523926
5.508642196655273
4.943309783935547
2.193871021270752
3.9657084941864014
2.9202754497528076
3.829617500305176
4.418057441711426
4.282020568847656
3.4621520042419434
5.919402122497559
3.0771114826202393
4.2252373695373535
4.982695579528809
0.30655136704444885
4.795570373535156
2.530592203140259
5.191227436065674
4.817820072174072
5.2800822257995605
3.2148613929748535
3.221292495727539
6.178374767303467
6.636476516723633
8.132810592651367
4.301532745361328
5.406598091125488
2.0400946140289307
2.3045034408569336
7.095887184143066
3.564436197280884
3.9832377433776855
1.0622278451919556
4.450338363647461
5.514154434204102
5.7098212242126465
7.3661208152771
3.5910627841949463
4.375852108001709
5.842749118804932
2.5870070457458496
3.896914005279541
3.769195079803467
6.691762924194336
4.647296905517578
4.8661346435546875
6.506186485290527
6.658636093139648
8.077577590942383
5.009805679321289
2.794888973236084
2.2679290771484375
3.5716114044189453
5.447371482849121
5.117138862609863
5.695866584777832
8.070362091064453
8.666915893554688
8.954651832580566
7.127638339996338
11.7359619140625
4.708092212677002
4.150590419769287
5.519046783447266
2.0597219467163086
4.045781135559082
3.980578899383545
5.520600318908691
3.4431848526000977
5.089231014251709
1.5454025268554688
4.056285858154297
4.259575843811035
5.402531623840332
4.560741901397705
3.3360700607299805
5.215551376342773
4.890176296234131
2.1109962463378906
4.6562299728393555
3.839414358139038
5.154048442840576
4.4072442054748535
10.423002243041992
5.672276496887207
4.346060752868652
2.673182249069214
4.11017370223999
5.5969390869140625
5.597900390625
6.179755210876465
4.295818328857422
4.384317398071289
5.183976650238037
3.954986572265625
4.228059768676758
1.5490081310272217
3.838674783706665
4.581064701080322
6.013812065124512
5.748440742492676
3.44987416267395
3.8909597396850586
7.510379791259766
4.257143020629883
5.125507354736328
8.423059463500977
3.1751527786254883
6.170693397521973
3.2188611030578613
6.090813159942627
6.898411273956299
7.295229911804199
6.675135135650635
10.043241500854492
6.129330635070801
3.7566988468170166
4.550600051879883
4.914622783660889
6.051306247711182
5.810701370239258
3.0973474979400635
8.272583961486816
3.937380313873291
5.413942337036133
7.38291072845459
6.262485504150391
5.981607437133789
6.148913860321045
9.463638305664062
7.439382553100586
7.405900001525879
9.953963279724121
7.822398662567139
8.062498092651367
5.022838115692139
4.280576705932617
5.2998127937316895
4.915676116943359
3.8865718841552734
4.732677459716797
4.404217720031738
4.665002822875977
6.38070821762085
5.3575849533081055
4.647830963134766
6.517267227172852
3.574167251586914
5.6861724853515625
6.054044723510742
6.922252655029297
7.14912223815918
11.394889831542969
3.073031187057495
3.2274956703186035
4.372642517089844
2.603236198425293
3.618720054626465
4.863659858703613
5.005425453186035
2.682309627532959
6.422289848327637
3.25791597366333
8.216216087341309
3.759833812713623
3.5474977493286133
3.010146141052246
2.2211430072784424
3.9940688610076904
5.193716049194336
5.364882469177246
3.942657232284546
4.762418270111084
6.044808387756348
3.512462615966797
6.486362457275391
4.573690414428711
5.615942478179932
5.87257194519043
4.064542770385742
4.990413665771484
6.810068130493164
3.907360076904297
5.483524322509766
3.1490159034729004
2.7615952491760254
4.9162702560424805
3.7658703327178955
4.7425031661987305
4.796077728271484
5.87824010848999
8.877876281738281
11.191695213317871
6.255754470825195
6.7796735763549805
4.792785167694092
2.3620080947875977
3.6804139614105225
4.812617301940918
5.173350811004639
4.415004730224609
5.7260894775390625
1.822102665901184
5.628622531890869
4.617366790771484
5.573666572570801
6.979813575744629
4.548336029052734
5.214164733886719
4.243391990661621
3.3396692276000977
3.648686170578003
3.2679097652435303
4.235487937927246
6.773021221160889
7.825016975402832
7.180149555206299
7.208987712860107
4.090423583984375
5.0948615074157715
5.378952980041504
4.957018852233887
4.421217918395996
4.140703201293945
5.205787658691406
4.192239761352539
6.0003886222839355
7.736407279968262
2.0822696685791016
3.5748462677001953
5.540964603424072
6.6574859619140625
3.4801502227783203
3.1208343505859375
5.2895731925964355
2.88978910446167
1.6561357975006104
4.95510721206665
6.374924659729004
5.425884246826172
8.366374969482422
1.741483449935913
3.564690351486206
5.302604675292969
5.083731174468994
6.132493019104004
7.219409465789795
3.881561040878296
3.4263031482696533
3.1192355155944824
6.676275253295898
3.5184731483459473
3.772273063659668
0.8529707193374634
4.889135360717773
7.113552093505859
3.0559492111206055
2.953655242919922
3.473444938659668
4.079532623291016
3.1234679222106934
4.592162609100342
5.261068344116211
6.066235542297363
6.246866226196289
3.0564656257629395
3.2027416229248047
3.017528533935547
4.793673515319824
0.8262748718261719
3.54300594329834
1.6831557750701904
4.769437789916992
2.650805711746216
6.587573051452637
3.511678695678711
3.250838279724121
3.659017562866211
4.707952499389648
3.951911687850952
4.5178632736206055
6.375270843505859
6.09468412399292
7.302720069885254
7.352359771728516
8.560595512390137
8.774996757507324
0.10769876837730408
4.183253288269043
2.8050899505615234
5.043243408203125
3.698152780532837
3.1322197914123535
4.682562828063965
6.079388618469238
10.033153533935547
4.022262096405029
6.31602668762207
2.110269069671631
4.284022808074951
3.6174886226654053
2.983752489089966
5.391501426696777
5.6519999504089355
6.758767127990723
4.028046607971191
6.441379547119141
6.179403305053711
2.543849468231201
2.283121109008789
7.140160083770752
4.381524085998535
6.27700138092041
3.2492787837982178
5.560659408569336
5.833243370056152
3.765793800354004
2.8547492027282715
3.61946439743042
4.421236991882324
5.7967352867126465
5.912774085998535
6.160703659057617
6.987201690673828
4.234423637390137
2.086522102355957
3.4904367923736572
5.47735071182251
5.800701141357422
4.720187187194824
4.559486389160156
4.006303787231445
7.708008766174316
3.7866580486297607
3.4751358032226562
4.5724287033081055
6.81856632232666
6.238916397094727
0.23407772183418274
3.743791103363037
4.422293663024902
8.49753189086914
6.311483860015869
2.757876396179199
5.504929065704346
5.899862766265869
3.3499321937561035
4.233502388000488
3.111201286315918
3.784025192260742
5.284896373748779
2.6442930698394775
5.946002006530762
3.6117634773254395
5.3910932540893555
4.109879970550537
4.3760199546813965
4.5760931968688965
5.462086200714111
6.57960844039917
7.6732258796691895
3.7767982482910156
3.0528650283813477
3.548142433166504
5.620710849761963
5.328069686889648
6.4172563552856445
6.0178303718566895
6.184983253479004
8.148420333862305
8.879119873046875
7.639962196350098
7.704076766967773
8.921857833862305
8.720491409301758
6.778033256530762
4.271730422973633
3.598634719848633
4.347600936889648
4.690666198730469
4.706791400909424
3.8708672523498535
4.436813831329346
3.589324474334717
6.554194450378418
6.5625481605529785
2.0005245208740234
2.8337957859039307
3.9130640029907227
5.270798206329346
7.042339324951172
2.478919506072998
3.4912796020507812
4.526361465454102
2.544123411178589
2.7601723670959473
3.739124059677124
5.448814868927002
4.7469482421875
4.500580787658691
5.010149002075195
5.0856804847717285
4.9927263259887695
6.545441150665283
2.8095316886901855
5.716570854187012
6.665298938751221
9.51510238647461
9.095983505249023
9.415721893310547
8.688138961791992
6.382377624511719
4.100973129272461
4.431305885314941
5.168701648712158
4.391528606414795
6.113966941833496
4.200474739074707
5.051522254943848
0.30597183108329773
5.068434715270996
3.0603532791137695
6.171255111694336
4.4356794357299805
4.170931339263916
4.128387928009033
2.5511245727539062
5.049442291259766
6.0347065925598145
1.840497612953186
4.78725004196167
5.397825241088867
6.632570266723633
5.985626697540283
6.805309295654297
6.496953964233398
4.038029193878174
4.277338027954102
4.202603340148926
5.826233386993408
5.316292762756348
6.114886283874512
3.2150802612304688
3.7515249252319336
4.141668319702148
5.900925159454346
2.9606566429138184
8.617888450622559
4.215429306030273
4.4294586181640625
7.951313495635986
4.847282886505127
7.024857044219971
5.699880599975586
4.400125980377197
4.323738098144531
5.926273345947266
3.562213897705078
6.362384796142578
4.001579761505127
4.658031463623047
5.037411212921143
3.9573981761932373
4.602494716644287
4.002870082855225
5.753186225891113
6.382368087768555
5.696118354797363
4.847163677215576
4.060471057891846
4.039052963256836
5.721580982208252
3.526094436645508
5.03695011138916
6.367832183837891
7.417383670806885
7.517745018005371
3.792520523071289
3.9115819931030273
5.004153251647949
3.074570655822754
4.450956344604492
6.543525695800781
8.454999923706055
8.367305755615234
3.856922149658203
2.172790288925171
3.755098819732666
6.19175910949707
4.619088172912598
8.92373275756836
8.28448486328125
4.573856830596924
4.788773536682129
8.55891227722168
